[14, 75, 82, 16, 30]
[16, 11, 71, 77, 31]
[74, 12, 13, 88, 32]
[75, 71, 14, 17, 33]
[86, 81, 20, 20, 34]
[83, 28, 26, 74, 35]
[29, 74, 19, 77, 36]
[17, 75, 78, 27, 37]
[77, 16, 80, 16, 38]
[72, 22, 25, 73, 39]
[27, 89, 14, 74, 40]
[88, 21, 78, 27, 41]
[24, 73, 20, 87, 42]
[84, 18, 15, 73, 43]
[17, 17, 86, 80, 44]
[82, 20, 89, 13, 45]
[82, 89, 26, 29, 46]
[86, 81, 18, 20, 47]
[75, 17, 21, 81, 48]
[90, 13, 23, 85, 49]
[28, 25, 89, 73, 50]
[18, 75, 13, 82, 51]
[88, 85, 21, 13, 52]
[14, 28, 81, 83, 53]
[22, 89, 16, 76, 54]
[79, 19, 26, 79, 55]
[71, 82, 16, 29, 56]
[21, 24, 79, 73, 57]
[75, 83, 11, 27, 58]
[14, 14, 72, 83, 59]
[88, 83, 28, 23, 60]
[73, 16, 72, 20, 61]
[72, 90, 13, 17, 62]
[20, 16, 89, 82, 63]
[76, 86, 28, 28, 64]
[18, 12, 79, 89, 65]
[78, 15, 76, 28, 66]
[11, 82, 81, 11, 67]
[18, 29, 89, 78, 68]
[23, 23, 71, 88, 69]
[12, 22, 71, 80, 70]
[75, 24, 90, 12, 30]
[80, 17, 10, 86, 31]
[89, 29, 72, 28, 32]
[10, 86, 86, 20, 33]
[83, 27, 13, 84, 34]
[74, 10, 72, 16, 35]
[11, 72, 78, 10, 36]
[21, 79, 27, 86, 37]
[28, 78, 13, 81, 38]
[16, 17, 80, 82, 39]
[25, 87, 77, 27, 40]
[79, 17, 71, 17, 41]
[25, 71, 86, 18, 42]
[79, 25, 22, 84, 43]
[76, 78, 18, 10, 44]
[28, 75, 16, 72, 45]
[74, 22, 22, 74, 46]
[13, 21, 76, 73, 47]
[28, 82, 88, 10, 48]
[16, 89, 79, 12, 49]
[88, 89, 15, 17, 50]
[76, 78, 10, 17, 51]
[72, 17, 81, 29, 52]
[20, 81, 88, 16, 53]
[20, 23, 88, 80, 54]
[14, 14, 90, 83, 55]
[87, 77, 28, 11, 56]
[81, 27, 77, 28, 57]
[84, 80, 27, 14, 58]
[71, 14, 86, 29, 59]
[18, 16, 83, 73, 60]
[75, 87, 24, 24, 61]
[84, 71, 15, 28, 62]
[84, 78, 17, 10, 63]
[87, 21, 76, 13, 64]
[82, 87, 12, 23, 65]
[80, 17, 80, 12, 66]
[27, 76, 24, 82, 67]
[72, 21, 17, 77, 68]
[12, 77, 22, 73, 69]
[13, 87, 15, 81, 70]
[86, 71, 22, 12, 30]
[23, 84, 25, 83, 31]
[20, 13, 72, 71, 32]
[11, 13, 85, 88, 33]
[25, 76, 80, 16, 34]
[13, 23, 74, 75, 35]
[83, 19, 73, 16, 36]
[13, 25, 78, 88, 37]
[73, 16, 74, 26, 38]
[25, 72, 76, 19, 39]
[73, 76, 11, 22, 40]
[87, 22, 71, 19, 41]
[16, 87, 20, 81, 42]
[28, 84, 26, 89, 43]
[82, 71, 26, 10, 44]
[11, 28, 82, 85, 45]
[23, 71, 14, 80, 46]
[79, 15, 18, 77, 47]
[28, 18, 74, 87, 48]
[78, 26, 85, 19, 49]
[12, 79, 88, 26, 50]
[28, 81, 24, 85, 51]
[87, 22, 82, 10, 52]
[84, 80, 28, 26, 53]
[71, 71, 18, 12, 54]
[26, 82, 21, 73, 55]
[80, 20, 78, 27, 56]
[14, 76, 20, 80, 57]
[83, 24, 90, 18, 58]
[76, 27, 72, 16, 59]
[72, 22, 80, 13, 60]
[79, 13, 76, 25, 61]
[16, 74, 85, 29, 62]
[13, 16, 83, 82, 63]
[85, 74, 12, 22, 64]
[73, 88, 25, 28, 65]
[22, 80, 27, 73, 66]
[13, 76, 18, 88, 67]
[17, 89, 83, 15, 68]
[88, 82, 19, 15, 69]
[26, 71, 84, 24, 70]
[27, 79, 90, 20, 30]
[89, 26, 10, 80, 31]
[80, 11, 17, 89, 32]
[17, 81, 86, 27, 33]
[20, 82, 90, 17, 34]
[27, 83, 29, 87, 35]
[81, 17, 21, 85, 36]
[76, 14, 78, 21, 37]
[80, 13, 75, 23, 38]
[26, 77, 89, 14, 39]
[82, 76, 24, 26, 40]
[27, 15, 76, 74, 41]
[14, 26, 72, 74, 42]
[25, 88, 21, 87, 43]
[24, 78, 28, 88, 44]
[26, 15, 74, 89, 45]
[23, 29, 75, 81, 46]
[77, 21, 28, 80, 47]
[25, 11, 71, 90, 48]
[83, 23, 80, 10, 49]
[78, 90, 19, 15, 50]
[81, 29, 83, 19, 51]
[73, 10, 80, 10, 52]
[80, 19, 84, 22, 53]
[10, 79, 76, 24, 54]
[72, 20, 14, 80, 55]
[16, 22, 73, 87, 56]
[73, 87, 13, 24, 57]
[16, 75, 90, 23, 58]
[81, 85, 18, 26, 59]
[14, 72, 11, 83, 60]
[24, 81, 87, 14, 61]
[80, 78, 27, 21, 62]
[18, 79, 82, 27, 63]
[29, 18, 90, 78, 64]
[73, 19, 77, 25, 65]
[83, 19, 88, 11, 66]
[15, 79, 82, 28, 67]
[73, 21, 21, 74, 68]
[18, 23, 72, 87, 69]
[82, 10, 23, 86, 70]
[15, 13, 79, 73, 30]
[88, 20, 29, 82, 31]
[85, 20, 77, 22, 32]
[82, 11, 90, 23, 33]
[20, 27, 83, 72, 34]
[90, 16, 20, 81, 35]
[83, 13, 73, 26, 36]
[73, 27, 78, 24, 37]
[88, 29, 71, 28, 38]
[81, 22, 85, 26, 39]
[85, 18, 80, 29, 40]
[72, 16, 78, 27, 41]
[20, 84, 83, 27, 42]
[88, 74, 25, 17, 43]
[72, 23, 89, 28, 44]
[22, 79, 15, 87, 45]
[22, 76, 79, 25, 46]
[12, 79, 23, 76, 47]
[80, 90, 10, 26, 48]
[76, 77, 22, 23, 49]
[89, 15, 14, 74, 50]
[17, 78, 77, 16, 51]
[81, 11, 14, 75, 52]
[11, 84, 88, 13, 53]
[80, 16, 71, 29, 54]
[81, 14, 22, 74, 55]
[22, 13, 77, 72, 56]
[17, 15, 87, 83, 57]
[24, 21, 87, 82, 58]
[73, 20, 87, 13, 59]
[73, 28, 22, 81, 60]
[27, 11, 86, 74, 61]
[10, 17, 76, 82, 62]
[88, 11, 83, 16, 63]
[90, 21, 22, 73, 64]
[26, 11, 79, 73, 65]
[88, 77, 13, 16, 66]
[79, 82, 25, 28, 67]
[77, 24, 75, 10, 68]
[20, 73, 17, 84, 69]
[79, 17, 24, 73, 70]
[22, 81, 28, 77, 30]
[23, 15, 78, 74, 31]
[90, 79, 16, 10, 32]
[85, 72, 12, 12, 33]
[80, 90, 10, 22, 34]
[83, 71, 13, 11, 35]
[72, 29, 77, 19, 36]
[72, 85, 24, 16, 37]
[71, 72, 18, 27, 38]
[87, 79, 20, 26, 39]
[80, 19, 74, 11, 40]
[20, 25, 81, 87, 41]
[78, 19, 11, 85, 42]
[14, 80, 90, 16, 43]
[74, 22, 13, 82, 44]
[23, 10, 74, 84, 45]
[82, 82, 10, 12, 46]
[23, 21, 86, 75, 47]
[80, 90, 21, 14, 48]
[71, 73, 23, 20, 49]
[86, 12, 72, 19, 50]
[74, 17, 25, 85, 51]
[28, 23, 87, 89, 52]
[71, 84, 10, 15, 53]
[87, 24, 26, 84, 54]
[83, 23, 79, 17, 55]
[78, 83, 15, 14, 56]
[79, 77, 11, 14, 57]
[85, 10, 88, 29, 58]
[18, 13, 89, 90, 59]
[11, 26, 74, 77, 60]
[81, 21, 73, 10, 61]
[80, 24, 17, 75, 62]
[87, 83, 28, 11, 63]
[71, 79, 14, 17, 64]
[81, 19, 73, 29, 65]
[14, 74, 78, 11, 66]
[20, 75, 79, 20, 67]
[23, 27, 75, 77, 68]
[85, 80, 14, 10, 69]
[84, 24, 10, 81, 70]
[20, 74, 20, 71, 30]
[14, 89, 13, 74, 31]
[82, 85, 12, 22, 32]
[90, 24, 14, 77, 33]
[84, 25, 90, 25, 34]
[16, 75, 88, 23, 35]
[77, 13, 72, 28, 36]
[71, 28, 22, 73, 37]
[27, 81, 14, 72, 38]
[11, 26, 83, 77, 39]
[14, 75, 87, 14, 40]
[25, 74, 13, 87, 41]
[89, 26, 74, 28, 42]
[14, 86, 20, 84, 43]
[28, 72, 16, 77, 44]
[28, 13, 75, 80, 45]
[28, 18, 88, 82, 46]
[84, 73, 24, 18, 47]
[76, 12, 13, 74, 48]
[89, 27, 73, 14, 49]
[71, 24, 82, 16, 50]
[20, 76, 18, 75, 51]
[75, 86, 22, 13, 52]
[80, 15, 18, 76, 53]
[25, 74, 76, 11, 54]
[18, 86, 85, 26, 55]
[75, 25, 25, 76, 56]
[20, 71, 79, 29, 57]
[80, 25, 22, 90, 58]
[29, 21, 75, 89, 59]
[89, 20, 77, 25, 60]
[28, 16, 80, 87, 61]
[76, 29, 74, 13, 62]
[21, 78, 71, 25, 63]
[83, 83, 23, 18, 64]
[83, 77, 18, 11, 65]
[85, 13, 28, 80, 66]
[13, 27, 88, 79, 67]
[72, 20, 74, 10, 68]
[84, 73, 29, 20, 69]
[73, 29, 14, 83, 70]
[84, 75, 27, 24, 30]
[10, 21, 76, 74, 31]
[89, 87, 11, 23, 32]
[11, 87, 25, 85, 33]
[85, 13, 72, 12, 34]
[17, 16, 86, 88, 35]
[88, 29, 11, 77, 36]
[85, 71, 10, 25, 37]
[73, 81, 14, 26, 38]
[15, 73, 80, 18, 39]
[89, 22, 85, 21, 40]
[29, 18, 78, 88, 41]
[19, 86, 72, 18, 42]
[21, 86, 84, 20, 43]
[81, 74, 11, 14, 44]
[25, 18, 78, 80, 45]
[75, 81, 17, 13, 46]
[15, 11, 84, 89, 47]
[12, 74, 17, 75, 48]
[76, 77, 18, 12, 49]
[85, 79, 21, 23, 50]
[12, 86, 79, 25, 51]
[16, 76, 15, 78, 52]
[23, 22, 86, 87, 53]
[12, 84, 21, 80, 54]
[25, 17, 75, 83, 55]
[21, 11, 77, 84, 56]
[86, 86, 11, 10, 57]
[81, 81, 25, 15, 58]
[73, 12, 74, 20, 59]
[77, 16, 17, 71, 60]
[19, 15, 85, 75, 61]
[26, 18, 86, 87, 62]
[89, 19, 22, 76, 63]
[79, 14, 84, 29, 64]
[17, 82, 16, 84, 65]
[88, 19, 80, 18, 66]
[82, 18, 24, 72, 67]
[71, 15, 28, 74, 68]
[25, 21, 78, 78, 69]
[90, 27, 78, 24, 70]
[75, 22, 74, 10, 30]
[80, 84, 24, 13, 31]
[90, 86, 12, 18, 32]
[14, 23, 80, 78, 33]
[10, 25, 86, 74, 34]
[84, 89, 10, 27, 35]
[13, 73, 89, 29, 36]
[73, 25, 80, 23, 37]
[77, 28, 11, 73, 38]
[77, 22, 77, 22, 39]
[73, 15, 12, 87, 40]
[74, 79, 15, 11, 41]
[13, 12, 83, 78, 42]
[22, 29, 83, 72, 43]
[25, 13, 87, 89, 44]
[15, 22, 78, 73, 45]
[13, 86, 28, 80, 46]
[81, 22, 88, 16, 47]
[28, 10, 80, 72, 48]
[74, 27, 74, 11, 49]
[71, 22, 28, 88, 50]
[73, 24, 24, 80, 51]
[14, 90, 76, 10, 52]
[84, 88, 29, 22, 53]
[72, 25, 19, 83, 54]
[83, 16, 12, 71, 55]
[23, 82, 13, 81, 56]
[80, 29, 83, 16, 57]
[75, 14, 75, 29, 58]
[12, 79, 18, 77, 59]
[74, 16, 78, 11, 60]
[11, 90, 24, 78, 61]
[21, 21, 82, 82, 62]
[23, 85, 28, 74, 63]
[85, 71, 10, 11, 64]
[19, 78, 12, 88, 65]
[26, 89, 74, 15, 66]
[18, 82, 88, 15, 67]
[26, 28, 86, 90, 68]
[14, 26, 75, 71, 69]
[89, 13, 86, 15, 70]
[11, 85, 86, 27, 30]
[17, 87, 26, 76, 31]
[25, 10, 75, 76, 32]
[76, 13, 83, 19, 33]
[80, 27, 28, 73, 34]
[18, 87, 25, 74, 35]
[83, 13, 26, 84, 36]
[83, 10, 72, 15, 37]
[76, 19, 28, 73, 38]
[16, 72, 80, 17, 39]
[11, 73, 11, 89, 40]
[79, 17, 71, 18, 41]
[27, 83, 29, 72, 42]
[22, 14, 83, 82, 43]
[79, 82, 14, 22, 44]
[74, 14, 14, 74, 45]
[85, 20, 29, 89, 46]
[77, 88, 10, 18, 47]
[79, 73, 25, 10, 48]
[75, 18, 21, 86, 49]
[88, 21, 72, 21, 50]
[10, 88, 78, 29, 51]
[19, 82, 85, 18, 52]
[90, 24, 71, 10, 53]
[88, 74, 18, 16, 54]
[10, 72, 90, 19, 55]
[72, 29, 28, 83, 56]
[84, 75, 15, 18, 57]
[87, 19, 14, 74, 58]
[13, 73, 86, 24, 59]
[86, 16, 76, 18, 60]
[76, 87, 17, 13, 61]
[24, 85, 75, 15, 62]
[71, 27, 27, 80, 63]
[15, 72, 12, 72, 64]
[25, 78, 74, 29, 65]
[84, 12, 71, 27, 66]
[81, 75, 16, 13, 67]
[23, 19, 72, 89, 68]
[71, 20, 26, 75, 69]
[89, 14, 88, 10, 70]
