[20, 80, 65, 100, 60]
[20, 80, 66, 100, 60]
[20, 80, 67, 100, 60]
[20, 80, 68, 100, 60]
[20, 80, 69, 100, 60]
[20, 80, 70, 100, 60]
[20, 80, 71, 100, 60]
[20, 80, 72, 100, 60]
[20, 80, 73, 100, 60]
[20, 80, 74, 100, 60]
[20, 80, 75, 100, 60]
[20, 80, 76, 100, 60]
[20, 80, 77, 100, 60]
[20, 80, 78, 100, 60]
[20, 80, 79, 100, 60]
[20, 80, 80, 100, 60]
[20, 80, 81, 100, 60]
[20, 80, 82, 100, 60]
[20, 80, 83, 100, 60]
[20, 80, 84, 100, 60]
[20, 80, 85, 100, 60]
[20, 80, 86, 100, 60]
[20, 80, 87, 100, 60]
[20, 80, 88, 100, 60]
[20, 80, 89, 100, 60]
[20, 80, 90, 100, 60]
[20, 80, 91, 100, 60]
[20, 80, 92, 100, 60]
[20, 80, 93, 100, 60]
[20, 80, 94, 100, 60]
[20, 80, 95, 100, 60]
[20, 80, 96, 100, 60]
[20, 80, 97, 100, 60]
[20, 80, 98, 100, 60]
[20, 80, 99, 100, 60]
[20, 80, 100, 100, 60]
[21, 80, 65, 100, 60]
[21, 80, 66, 100, 60]
[21, 80, 67, 100, 60]
[21, 80, 68, 100, 60]
[21, 80, 69, 100, 60]
[21, 80, 70, 100, 60]
[21, 80, 71, 100, 60]
[21, 80, 72, 100, 60]
[21, 80, 73, 100, 60]
[21, 80, 74, 100, 60]
[21, 80, 75, 100, 60]
[21, 80, 76, 100, 60]
[21, 80, 77, 100, 60]
[21, 80, 78, 100, 60]
[21, 80, 79, 100, 60]
[21, 80, 80, 100, 60]
[21, 80, 81, 100, 60]
[21, 80, 82, 100, 60]
[21, 80, 83, 100, 60]
[21, 80, 84, 100, 60]
[21, 80, 85, 100, 60]
[21, 80, 86, 100, 60]
[21, 80, 87, 100, 60]
[21, 80, 88, 100, 60]
[21, 80, 89, 100, 60]
[21, 80, 90, 100, 60]
[21, 80, 91, 100, 60]
[21, 80, 92, 100, 60]
[21, 80, 93, 100, 60]
[21, 80, 94, 100, 60]
[21, 80, 95, 100, 60]
[21, 80, 96, 100, 60]
[21, 80, 97, 100, 60]
[21, 80, 98, 100, 60]
[21, 80, 99, 100, 60]
[21, 80, 100, 100, 60]
[22, 80, 65, 100, 60]
[22, 80, 66, 100, 60]
[22, 80, 67, 100, 60]
[22, 80, 68, 100, 60]
[22, 80, 69, 100, 60]
[22, 80, 70, 100, 60]
[22, 80, 71, 100, 60]
[22, 80, 72, 100, 60]
[22, 80, 73, 100, 60]
[22, 80, 74, 100, 60]
[22, 80, 75, 100, 60]
[22, 80, 76, 100, 60]
[22, 80, 77, 100, 60]
[22, 80, 78, 100, 60]
[22, 80, 79, 100, 60]
[22, 80, 80, 100, 60]
[22, 80, 81, 100, 60]
[22, 80, 82, 100, 60]
[22, 80, 83, 100, 60]
[22, 80, 84, 100, 60]
[22, 80, 85, 100, 60]
[22, 80, 86, 100, 60]
[22, 80, 87, 100, 60]
[22, 80, 88, 100, 60]
[22, 80, 89, 100, 60]
[22, 80, 90, 100, 60]
[22, 80, 91, 100, 60]
[22, 80, 92, 100, 60]
[22, 80, 93, 100, 60]
[22, 80, 94, 100, 60]
[22, 80, 95, 100, 60]
[22, 80, 96, 100, 60]
[22, 80, 97, 100, 60]
[22, 80, 98, 100, 60]
[22, 80, 99, 100, 60]
[22, 80, 100, 100, 60]
[23, 80, 65, 100, 60]
[23, 80, 66, 100, 60]
[23, 80, 67, 100, 60]
[23, 80, 68, 100, 60]
[23, 80, 69, 100, 60]
[23, 80, 70, 100, 60]
[23, 80, 71, 100, 60]
[23, 80, 72, 100, 60]
[23, 80, 73, 100, 60]
[23, 80, 74, 100, 60]
[23, 80, 75, 100, 60]
[23, 80, 76, 100, 60]
[23, 80, 77, 100, 60]
[23, 80, 78, 100, 60]
[23, 80, 79, 100, 60]
[23, 80, 80, 100, 60]
[23, 80, 81, 100, 60]
[23, 80, 82, 100, 60]
[23, 80, 83, 100, 60]
[23, 80, 84, 100, 60]
[23, 80, 85, 100, 60]
[23, 80, 86, 100, 60]
[23, 80, 87, 100, 60]
[23, 80, 88, 100, 60]
[23, 80, 89, 100, 60]
[23, 80, 90, 100, 60]
[23, 80, 91, 100, 60]
[23, 80, 92, 100, 60]
[23, 80, 93, 100, 60]
[23, 80, 94, 100, 60]
[23, 80, 95, 100, 60]
[23, 80, 96, 100, 60]
[23, 80, 97, 100, 60]
[23, 80, 98, 100, 60]
[23, 80, 99, 100, 60]
[23, 80, 100, 100, 60]
[24, 80, 65, 100, 60]
[24, 80, 66, 100, 60]
[24, 80, 67, 100, 60]
[24, 80, 68, 100, 60]
[24, 80, 69, 100, 60]
[24, 80, 70, 100, 60]
[24, 80, 71, 100, 60]
[24, 80, 72, 100, 60]
[24, 80, 73, 100, 60]
[24, 80, 74, 100, 60]
[24, 80, 75, 100, 60]
[24, 80, 76, 100, 60]
[24, 80, 77, 100, 60]
[24, 80, 78, 100, 60]
[24, 80, 79, 100, 60]
[24, 80, 80, 100, 60]
[24, 80, 81, 100, 60]
[24, 80, 82, 100, 60]
[24, 80, 83, 100, 60]
[24, 80, 84, 100, 60]
[24, 80, 85, 100, 60]
[24, 80, 86, 100, 60]
[24, 80, 87, 100, 60]
[24, 80, 88, 100, 60]
[24, 80, 89, 100, 60]
[24, 80, 90, 100, 60]
[24, 80, 91, 100, 60]
[24, 80, 92, 100, 60]
[24, 80, 93, 100, 60]
[24, 80, 94, 100, 60]
[24, 80, 95, 100, 60]
[24, 80, 96, 100, 60]
[24, 80, 97, 100, 60]
[24, 80, 98, 100, 60]
[24, 80, 99, 100, 60]
[24, 80, 100, 100, 60]
[25, 80, 65, 100, 60]
[25, 80, 66, 100, 60]
[25, 80, 67, 100, 60]
[25, 80, 68, 100, 60]
[25, 80, 69, 100, 60]
[25, 80, 70, 100, 60]
[25, 80, 71, 100, 60]
[25, 80, 72, 100, 60]
[25, 80, 73, 100, 60]
[25, 80, 74, 100, 60]
[25, 80, 75, 100, 60]
[25, 80, 76, 100, 60]
[25, 80, 77, 100, 60]
[25, 80, 78, 100, 60]
[25, 80, 79, 100, 60]
[25, 80, 80, 100, 60]
[25, 80, 81, 100, 60]
[25, 80, 82, 100, 60]
[25, 80, 83, 100, 60]
[25, 80, 84, 100, 60]
[25, 80, 85, 100, 60]
[25, 80, 86, 100, 60]
[25, 80, 87, 100, 60]
[25, 80, 88, 100, 60]
[25, 80, 89, 100, 60]
[25, 80, 90, 100, 60]
[25, 80, 91, 100, 60]
[25, 80, 92, 100, 60]
[25, 80, 93, 100, 60]
[25, 80, 94, 100, 60]
[25, 80, 95, 100, 60]
[25, 80, 96, 100, 60]
[25, 80, 97, 100, 60]
[25, 80, 98, 100, 60]
[25, 80, 99, 100, 60]
[25, 80, 100, 100, 60]
[26, 80, 65, 100, 60]
[26, 80, 66, 100, 60]
[26, 80, 67, 100, 60]
[26, 80, 68, 100, 60]
[26, 80, 69, 100, 60]
[26, 80, 70, 100, 60]
[26, 80, 71, 100, 60]
[26, 80, 72, 100, 60]
[26, 80, 73, 100, 60]
[26, 80, 74, 100, 60]
[26, 80, 75, 100, 60]
[26, 80, 76, 100, 60]
[26, 80, 77, 100, 60]
[26, 80, 78, 100, 60]
[26, 80, 79, 100, 60]
[26, 80, 80, 100, 60]
[26, 80, 81, 100, 60]
[26, 80, 82, 100, 60]
[26, 80, 83, 100, 60]
[26, 80, 84, 100, 60]
[26, 80, 85, 100, 60]
[26, 80, 86, 100, 60]
[26, 80, 87, 100, 60]
[26, 80, 88, 100, 60]
[26, 80, 89, 100, 60]
[26, 80, 90, 100, 60]
[26, 80, 91, 100, 60]
[26, 80, 92, 100, 60]
[26, 80, 93, 100, 60]
[26, 80, 94, 100, 60]
[26, 80, 95, 100, 60]
[26, 80, 96, 100, 60]
[26, 80, 97, 100, 60]
[26, 80, 98, 100, 60]
[26, 80, 99, 100, 60]
[26, 80, 100, 100, 60]
[27, 80, 65, 100, 60]
[27, 80, 66, 100, 60]
[27, 80, 67, 100, 60]
[27, 80, 68, 100, 60]
[27, 80, 69, 100, 60]
[27, 80, 70, 100, 60]
[27, 80, 71, 100, 60]
[27, 80, 72, 100, 60]
[27, 80, 73, 100, 60]
[27, 80, 74, 100, 60]
[27, 80, 75, 100, 60]
[27, 80, 76, 100, 60]
[27, 80, 77, 100, 60]
[27, 80, 78, 100, 60]
[27, 80, 79, 100, 60]
[27, 80, 80, 100, 60]
[27, 80, 81, 100, 60]
[27, 80, 82, 100, 60]
[27, 80, 83, 100, 60]
[27, 80, 84, 100, 60]
[27, 80, 85, 100, 60]
[27, 80, 86, 100, 60]
[27, 80, 87, 100, 60]
[27, 80, 88, 100, 60]
[27, 80, 89, 100, 60]
[27, 80, 90, 100, 60]
[27, 80, 91, 100, 60]
[27, 80, 92, 100, 60]
[27, 80, 93, 100, 60]
[27, 80, 94, 100, 60]
[27, 80, 95, 100, 60]
[27, 80, 96, 100, 60]
[27, 80, 97, 100, 60]
[27, 80, 98, 100, 60]
[27, 80, 99, 100, 60]
[27, 80, 100, 100, 60]
[28, 80, 65, 100, 60]
[28, 80, 66, 100, 60]
[28, 80, 67, 100, 60]
[28, 80, 68, 100, 60]
[28, 80, 69, 100, 60]
[28, 80, 70, 100, 60]
[28, 80, 71, 100, 60]
[28, 80, 72, 100, 60]
[28, 80, 73, 100, 60]
[28, 80, 74, 100, 60]
[28, 80, 75, 100, 60]
[28, 80, 76, 100, 60]
[28, 80, 77, 100, 60]
[28, 80, 78, 100, 60]
[28, 80, 79, 100, 60]
[28, 80, 80, 100, 60]
[28, 80, 81, 100, 60]
[28, 80, 82, 100, 60]
[28, 80, 83, 100, 60]
[28, 80, 84, 100, 60]
[28, 80, 85, 100, 60]
[28, 80, 86, 100, 60]
[28, 80, 87, 100, 60]
[28, 80, 88, 100, 60]
[28, 80, 89, 100, 60]
[28, 80, 90, 100, 60]
[28, 80, 91, 100, 60]
[28, 80, 92, 100, 60]
[28, 80, 93, 100, 60]
[28, 80, 94, 100, 60]
[28, 80, 95, 100, 60]
[28, 80, 96, 100, 60]
[28, 80, 97, 100, 60]
[28, 80, 98, 100, 60]
[28, 80, 99, 100, 60]
[28, 80, 100, 100, 60]
[29, 80, 65, 100, 60]
[29, 80, 66, 100, 60]
[29, 80, 67, 100, 60]
[29, 80, 68, 100, 60]
[29, 80, 69, 100, 60]
[29, 80, 70, 100, 60]
[29, 80, 71, 100, 60]
[29, 80, 72, 100, 60]
[29, 80, 73, 100, 60]
[29, 80, 74, 100, 60]
[29, 80, 75, 100, 60]
[29, 80, 76, 100, 60]
[29, 80, 77, 100, 60]
[29, 80, 78, 100, 60]
[29, 80, 79, 100, 60]
[29, 80, 80, 100, 60]
[29, 80, 81, 100, 60]
[29, 80, 82, 100, 60]
[29, 80, 83, 100, 60]
[29, 80, 84, 100, 60]
[29, 80, 85, 100, 60]
[29, 80, 86, 100, 60]
[29, 80, 87, 100, 60]
[29, 80, 88, 100, 60]
[29, 80, 89, 100, 60]
[29, 80, 90, 100, 60]
[29, 80, 91, 100, 60]
[29, 80, 92, 100, 60]
[29, 80, 93, 100, 60]
[29, 80, 94, 100, 60]
[29, 80, 95, 100, 60]
[29, 80, 96, 100, 60]
[29, 80, 97, 100, 60]
[29, 80, 98, 100, 60]
[29, 80, 99, 100, 60]
[29, 80, 100, 100, 60]
[30, 80, 65, 100, 60]
[30, 80, 66, 100, 60]
[30, 80, 67, 100, 60]
[30, 80, 68, 100, 60]
[30, 80, 69, 100, 60]
[30, 80, 70, 100, 60]
[30, 80, 71, 100, 60]
[30, 80, 72, 100, 60]
[30, 80, 73, 100, 60]
[30, 80, 74, 100, 60]
[30, 80, 75, 100, 60]
[30, 80, 76, 100, 60]
[30, 80, 77, 100, 60]
[30, 80, 78, 100, 60]
[30, 80, 79, 100, 60]
[30, 80, 80, 100, 60]
[30, 80, 81, 100, 60]
[30, 80, 82, 100, 60]
[30, 80, 83, 100, 60]
[30, 80, 84, 100, 60]
[30, 80, 85, 100, 60]
[30, 80, 86, 100, 60]
[30, 80, 87, 100, 60]
[30, 80, 88, 100, 60]
[30, 80, 89, 100, 60]
[30, 80, 90, 100, 60]
[30, 80, 91, 100, 60]
[30, 80, 92, 100, 60]
[30, 80, 93, 100, 60]
[30, 80, 94, 100, 60]
[30, 80, 95, 100, 60]
[30, 80, 96, 100, 60]
[30, 80, 97, 100, 60]
[30, 80, 98, 100, 60]
[30, 80, 99, 100, 60]
[30, 80, 100, 100, 60]
[31, 80, 65, 100, 60]
[31, 80, 66, 100, 60]
[31, 80, 67, 100, 60]
[31, 80, 68, 100, 60]
[31, 80, 69, 100, 60]
[31, 80, 70, 100, 60]
[31, 80, 71, 100, 60]
[31, 80, 72, 100, 60]
[31, 80, 73, 100, 60]
[31, 80, 74, 100, 60]
[31, 80, 75, 100, 60]
[31, 80, 76, 100, 60]
[31, 80, 77, 100, 60]
[31, 80, 78, 100, 60]
[31, 80, 79, 100, 60]
[31, 80, 80, 100, 60]
[31, 80, 81, 100, 60]
[31, 80, 82, 100, 60]
[31, 80, 83, 100, 60]
[31, 80, 84, 100, 60]
[31, 80, 85, 100, 60]
[31, 80, 86, 100, 60]
[31, 80, 87, 100, 60]
[31, 80, 88, 100, 60]
[31, 80, 89, 100, 60]
[31, 80, 90, 100, 60]
[31, 80, 91, 100, 60]
[31, 80, 92, 100, 60]
[31, 80, 93, 100, 60]
[31, 80, 94, 100, 60]
[31, 80, 95, 100, 60]
[31, 80, 96, 100, 60]
[31, 80, 97, 100, 60]
[31, 80, 98, 100, 60]
[31, 80, 99, 100, 60]
[31, 80, 100, 100, 60]
[32, 80, 65, 100, 60]
[32, 80, 66, 100, 60]
[32, 80, 67, 100, 60]
[32, 80, 68, 100, 60]
[32, 80, 69, 100, 60]
[32, 80, 70, 100, 60]
[32, 80, 71, 100, 60]
[32, 80, 72, 100, 60]
[32, 80, 73, 100, 60]
[32, 80, 74, 100, 60]
[32, 80, 75, 100, 60]
[32, 80, 76, 100, 60]
[32, 80, 77, 100, 60]
[32, 80, 78, 100, 60]
[32, 80, 79, 100, 60]
[32, 80, 80, 100, 60]
[32, 80, 81, 100, 60]
[32, 80, 82, 100, 60]
[32, 80, 83, 100, 60]
[32, 80, 84, 100, 60]
[32, 80, 85, 100, 60]
[32, 80, 86, 100, 60]
[32, 80, 87, 100, 60]
[32, 80, 88, 100, 60]
[32, 80, 89, 100, 60]
[32, 80, 90, 100, 60]
[32, 80, 91, 100, 60]
[32, 80, 92, 100, 60]
[32, 80, 93, 100, 60]
[32, 80, 94, 100, 60]
[32, 80, 95, 100, 60]
[32, 80, 96, 100, 60]
[32, 80, 97, 100, 60]
[32, 80, 98, 100, 60]
[32, 80, 99, 100, 60]
[32, 80, 100, 100, 60]
[33, 80, 65, 100, 60]
[33, 80, 66, 100, 60]
[33, 80, 67, 100, 60]
[33, 80, 68, 100, 60]
[33, 80, 69, 100, 60]
[33, 80, 70, 100, 60]
[33, 80, 71, 100, 60]
[33, 80, 72, 100, 60]
[33, 80, 73, 100, 60]
[33, 80, 74, 100, 60]
[33, 80, 75, 100, 60]
[33, 80, 76, 100, 60]
[33, 80, 77, 100, 60]
[33, 80, 78, 100, 60]
[33, 80, 79, 100, 60]
[33, 80, 80, 100, 60]
[33, 80, 81, 100, 60]
[33, 80, 82, 100, 60]
[33, 80, 83, 100, 60]
[33, 80, 84, 100, 60]
[33, 80, 85, 100, 60]
[33, 80, 86, 100, 60]
[33, 80, 87, 100, 60]
[33, 80, 88, 100, 60]
[33, 80, 89, 100, 60]
[33, 80, 90, 100, 60]
[33, 80, 91, 100, 60]
[33, 80, 92, 100, 60]
[33, 80, 93, 100, 60]
[33, 80, 94, 100, 60]
[33, 80, 95, 100, 60]
[33, 80, 96, 100, 60]
[33, 80, 97, 100, 60]
[33, 80, 98, 100, 60]
[33, 80, 99, 100, 60]
[33, 80, 100, 100, 60]
[34, 80, 65, 100, 60]
[34, 80, 66, 100, 60]
[34, 80, 67, 100, 60]
[34, 80, 68, 100, 60]
[34, 80, 69, 100, 60]
[34, 80, 70, 100, 60]
[34, 80, 71, 100, 60]
[34, 80, 72, 100, 60]
[34, 80, 73, 100, 60]
[34, 80, 74, 100, 60]
[34, 80, 75, 100, 60]
[34, 80, 76, 100, 60]
[34, 80, 77, 100, 60]
[34, 80, 78, 100, 60]
[34, 80, 79, 100, 60]
[34, 80, 80, 100, 60]
[34, 80, 81, 100, 60]
[34, 80, 82, 100, 60]
[34, 80, 83, 100, 60]
[34, 80, 84, 100, 60]
[34, 80, 85, 100, 60]
[34, 80, 86, 100, 60]
[34, 80, 87, 100, 60]
[34, 80, 88, 100, 60]
[34, 80, 89, 100, 60]
[34, 80, 90, 100, 60]
[34, 80, 91, 100, 60]
[34, 80, 92, 100, 60]
[34, 80, 93, 100, 60]
[34, 80, 94, 100, 60]
[34, 80, 95, 100, 60]
[34, 80, 96, 100, 60]
[34, 80, 97, 100, 60]
[34, 80, 98, 100, 60]
[34, 80, 99, 100, 60]
[34, 80, 100, 100, 60]
[35, 80, 65, 100, 60]
[35, 80, 66, 100, 60]
[35, 80, 67, 100, 60]
[35, 80, 68, 100, 60]
[35, 80, 69, 100, 60]
[35, 80, 70, 100, 60]
[35, 80, 71, 100, 60]
[35, 80, 72, 100, 60]
[35, 80, 73, 100, 60]
[35, 80, 74, 100, 60]
[35, 80, 75, 100, 60]
[35, 80, 76, 100, 60]
[35, 80, 77, 100, 60]
[35, 80, 78, 100, 60]
[35, 80, 79, 100, 60]
[35, 80, 80, 100, 60]
[35, 80, 81, 100, 60]
[35, 80, 82, 100, 60]
[35, 80, 83, 100, 60]
[35, 80, 84, 100, 60]
[35, 80, 85, 100, 60]
[35, 80, 86, 100, 60]
[35, 80, 87, 100, 60]
[35, 80, 88, 100, 60]
[35, 80, 89, 100, 60]
[35, 80, 90, 100, 60]
[35, 80, 91, 100, 60]
[35, 80, 92, 100, 60]
[35, 80, 93, 100, 60]
[35, 80, 94, 100, 60]
[35, 80, 95, 100, 60]
[35, 80, 96, 100, 60]
[35, 80, 97, 100, 60]
[35, 80, 98, 100, 60]
[35, 80, 99, 100, 60]
[35, 80, 100, 100, 60]
[36, 80, 65, 100, 60]
[36, 80, 66, 100, 60]
[36, 80, 67, 100, 60]
[36, 80, 68, 100, 60]
[36, 80, 69, 100, 60]
[36, 80, 70, 100, 60]
[36, 80, 71, 100, 60]
[36, 80, 72, 100, 60]
[36, 80, 73, 100, 60]
[36, 80, 74, 100, 60]
[36, 80, 75, 100, 60]
[36, 80, 76, 100, 60]
[36, 80, 77, 100, 60]
[36, 80, 78, 100, 60]
[36, 80, 79, 100, 60]
[36, 80, 80, 100, 60]
[36, 80, 81, 100, 60]
[36, 80, 82, 100, 60]
[36, 80, 83, 100, 60]
[36, 80, 84, 100, 60]
[36, 80, 85, 100, 60]
[36, 80, 86, 100, 60]
[36, 80, 87, 100, 60]
[36, 80, 88, 100, 60]
[36, 80, 89, 100, 60]
[36, 80, 90, 100, 60]
[36, 80, 91, 100, 60]
[36, 80, 92, 100, 60]
[36, 80, 93, 100, 60]
[36, 80, 94, 100, 60]
[36, 80, 95, 100, 60]
[36, 80, 96, 100, 60]
[36, 80, 97, 100, 60]
[36, 80, 98, 100, 60]
[36, 80, 99, 100, 60]
[36, 80, 100, 100, 60]
[37, 80, 65, 100, 60]
[37, 80, 66, 100, 60]
[37, 80, 67, 100, 60]
[37, 80, 68, 100, 60]
[37, 80, 69, 100, 60]
[37, 80, 70, 100, 60]
[37, 80, 71, 100, 60]
[37, 80, 72, 100, 60]
[37, 80, 73, 100, 60]
[37, 80, 74, 100, 60]
[37, 80, 75, 100, 60]
[37, 80, 76, 100, 60]
[37, 80, 77, 100, 60]
[37, 80, 78, 100, 60]
[37, 80, 79, 100, 60]
[37, 80, 80, 100, 60]
[37, 80, 81, 100, 60]
[37, 80, 82, 100, 60]
[37, 80, 83, 100, 60]
[37, 80, 84, 100, 60]
[37, 80, 85, 100, 60]
[37, 80, 86, 100, 60]
[37, 80, 87, 100, 60]
[37, 80, 88, 100, 60]
[37, 80, 89, 100, 60]
[37, 80, 90, 100, 60]
[37, 80, 91, 100, 60]
[37, 80, 92, 100, 60]
[37, 80, 93, 100, 60]
[37, 80, 94, 100, 60]
[37, 80, 95, 100, 60]
[37, 80, 96, 100, 60]
[37, 80, 97, 100, 60]
[37, 80, 98, 100, 60]
[37, 80, 99, 100, 60]
[37, 80, 100, 100, 60]
[38, 80, 65, 100, 60]
[38, 80, 66, 100, 60]
[38, 80, 67, 100, 60]
[38, 80, 68, 100, 60]
[38, 80, 69, 100, 60]
[38, 80, 70, 100, 60]
[38, 80, 71, 100, 60]
[38, 80, 72, 100, 60]
[38, 80, 73, 100, 60]
[38, 80, 74, 100, 60]
[38, 80, 75, 100, 60]
[38, 80, 76, 100, 60]
[38, 80, 77, 100, 60]
[38, 80, 78, 100, 60]
[38, 80, 79, 100, 60]
[38, 80, 80, 100, 60]
[38, 80, 81, 100, 60]
[38, 80, 82, 100, 60]
[38, 80, 83, 100, 60]
[38, 80, 84, 100, 60]
[38, 80, 85, 100, 60]
[38, 80, 86, 100, 60]
[38, 80, 87, 100, 60]
[38, 80, 88, 100, 60]
[38, 80, 89, 100, 60]
[38, 80, 90, 100, 60]
[38, 80, 91, 100, 60]
[38, 80, 92, 100, 60]
[38, 80, 93, 100, 60]
[38, 80, 94, 100, 60]
[38, 80, 95, 100, 60]
[38, 80, 96, 100, 60]
[38, 80, 97, 100, 60]
[38, 80, 98, 100, 60]
[38, 80, 99, 100, 60]
[38, 80, 100, 100, 60]
[39, 80, 65, 100, 60]
[39, 80, 66, 100, 60]
[39, 80, 67, 100, 60]
[39, 80, 68, 100, 60]
[39, 80, 69, 100, 60]
[39, 80, 70, 100, 60]
[39, 80, 71, 100, 60]
[39, 80, 72, 100, 60]
[39, 80, 73, 100, 60]
[39, 80, 74, 100, 60]
[39, 80, 75, 100, 60]
[39, 80, 76, 100, 60]
[39, 80, 77, 100, 60]
[39, 80, 78, 100, 60]
[39, 80, 79, 100, 60]
[39, 80, 80, 100, 60]
[39, 80, 81, 100, 60]
[39, 80, 82, 100, 60]
[39, 80, 83, 100, 60]
[39, 80, 84, 100, 60]
[39, 80, 85, 100, 60]
[39, 80, 86, 100, 60]
[39, 80, 87, 100, 60]
[39, 80, 88, 100, 60]
[39, 80, 89, 100, 60]
[39, 80, 90, 100, 60]
[39, 80, 91, 100, 60]
[39, 80, 92, 100, 60]
[39, 80, 93, 100, 60]
[39, 80, 94, 100, 60]
[39, 80, 95, 100, 60]
[39, 80, 96, 100, 60]
[39, 80, 97, 100, 60]
[39, 80, 98, 100, 60]
[39, 80, 99, 100, 60]
[39, 80, 100, 100, 60]
[40, 80, 65, 100, 60]
[40, 80, 66, 100, 60]
[40, 80, 67, 100, 60]
[40, 80, 68, 100, 60]
[40, 80, 69, 100, 60]
[40, 80, 70, 100, 60]
[40, 80, 71, 100, 60]
[40, 80, 72, 100, 60]
[40, 80, 73, 100, 60]
[40, 80, 74, 100, 60]
[40, 80, 75, 100, 60]
[40, 80, 76, 100, 60]
[40, 80, 77, 100, 60]
[40, 80, 78, 100, 60]
[40, 80, 79, 100, 60]
[40, 80, 80, 100, 60]
[40, 80, 81, 100, 60]
[40, 80, 82, 100, 60]
[40, 80, 83, 100, 60]
[40, 80, 84, 100, 60]
[40, 80, 85, 100, 60]
[40, 80, 86, 100, 60]
[40, 80, 87, 100, 60]
[40, 80, 88, 100, 60]
[40, 80, 89, 100, 60]
[40, 80, 90, 100, 60]
[40, 80, 91, 100, 60]
[40, 80, 92, 100, 60]
[40, 80, 93, 100, 60]
[40, 80, 94, 100, 60]
[40, 80, 95, 100, 60]
[40, 80, 96, 100, 60]
[40, 80, 97, 100, 60]
[40, 80, 98, 100, 60]
[40, 80, 99, 100, 60]
[40, 80, 100, 100, 60]
[41, 80, 65, 100, 60]
[41, 80, 66, 100, 60]
[41, 80, 67, 100, 60]
[41, 80, 68, 100, 60]
[41, 80, 69, 100, 60]
[41, 80, 70, 100, 60]
[41, 80, 71, 100, 60]
[41, 80, 72, 100, 60]
[41, 80, 73, 100, 60]
[41, 80, 74, 100, 60]
[41, 80, 75, 100, 60]
[41, 80, 76, 100, 60]
[41, 80, 77, 100, 60]
[41, 80, 78, 100, 60]
[41, 80, 79, 100, 60]
[41, 80, 80, 100, 60]
[41, 80, 81, 100, 60]
[41, 80, 82, 100, 60]
[41, 80, 83, 100, 60]
[41, 80, 84, 100, 60]
[41, 80, 85, 100, 60]
[41, 80, 86, 100, 60]
[41, 80, 87, 100, 60]
[41, 80, 88, 100, 60]
[41, 80, 89, 100, 60]
[41, 80, 90, 100, 60]
[41, 80, 91, 100, 60]
[41, 80, 92, 100, 60]
[41, 80, 93, 100, 60]
[41, 80, 94, 100, 60]
[41, 80, 95, 100, 60]
[41, 80, 96, 100, 60]
[41, 80, 97, 100, 60]
[41, 80, 98, 100, 60]
[41, 80, 99, 100, 60]
[41, 80, 100, 100, 60]
[42, 80, 65, 100, 60]
[42, 80, 66, 100, 60]
[42, 80, 67, 100, 60]
[42, 80, 68, 100, 60]
[42, 80, 69, 100, 60]
[42, 80, 70, 100, 60]
[42, 80, 71, 100, 60]
[42, 80, 72, 100, 60]
[42, 80, 73, 100, 60]
[42, 80, 74, 100, 60]
[42, 80, 75, 100, 60]
[42, 80, 76, 100, 60]
[42, 80, 77, 100, 60]
[42, 80, 78, 100, 60]
[42, 80, 79, 100, 60]
[42, 80, 80, 100, 60]
[42, 80, 81, 100, 60]
[42, 80, 82, 100, 60]
[42, 80, 83, 100, 60]
[42, 80, 84, 100, 60]
[42, 80, 85, 100, 60]
[42, 80, 86, 100, 60]
[42, 80, 87, 100, 60]
[42, 80, 88, 100, 60]
[42, 80, 89, 100, 60]
[42, 80, 90, 100, 60]
[42, 80, 91, 100, 60]
[42, 80, 92, 100, 60]
[42, 80, 93, 100, 60]
[42, 80, 94, 100, 60]
[42, 80, 95, 100, 60]
[42, 80, 96, 100, 60]
[42, 80, 97, 100, 60]
[42, 80, 98, 100, 60]
[42, 80, 99, 100, 60]
[42, 80, 100, 100, 60]
[43, 80, 65, 100, 60]
[43, 80, 66, 100, 60]
[43, 80, 67, 100, 60]
[43, 80, 68, 100, 60]
[43, 80, 69, 100, 60]
[43, 80, 70, 100, 60]
[43, 80, 71, 100, 60]
[43, 80, 72, 100, 60]
[43, 80, 73, 100, 60]
[43, 80, 74, 100, 60]
[43, 80, 75, 100, 60]
[43, 80, 76, 100, 60]
[43, 80, 77, 100, 60]
[43, 80, 78, 100, 60]
[43, 80, 79, 100, 60]
[43, 80, 80, 100, 60]
[43, 80, 81, 100, 60]
[43, 80, 82, 100, 60]
[43, 80, 83, 100, 60]
[43, 80, 84, 100, 60]
[43, 80, 85, 100, 60]
[43, 80, 86, 100, 60]
[43, 80, 87, 100, 60]
[43, 80, 88, 100, 60]
[43, 80, 89, 100, 60]
[43, 80, 90, 100, 60]
[43, 80, 91, 100, 60]
[43, 80, 92, 100, 60]
[43, 80, 93, 100, 60]
[43, 80, 94, 100, 60]
[43, 80, 95, 100, 60]
[43, 80, 96, 100, 60]
[43, 80, 97, 100, 60]
[43, 80, 98, 100, 60]
[43, 80, 99, 100, 60]
[43, 80, 100, 100, 60]
[44, 80, 65, 100, 60]
[44, 80, 66, 100, 60]
[44, 80, 67, 100, 60]
[44, 80, 68, 100, 60]
[44, 80, 69, 100, 60]
[44, 80, 70, 100, 60]
[44, 80, 71, 100, 60]
[44, 80, 72, 100, 60]
[44, 80, 73, 100, 60]
[44, 80, 74, 100, 60]
[44, 80, 75, 100, 60]
[44, 80, 76, 100, 60]
[44, 80, 77, 100, 60]
[44, 80, 78, 100, 60]
[44, 80, 79, 100, 60]
[44, 80, 80, 100, 60]
[44, 80, 81, 100, 60]
[44, 80, 82, 100, 60]
[44, 80, 83, 100, 60]
[44, 80, 84, 100, 60]
[44, 80, 85, 100, 60]
[44, 80, 86, 100, 60]
[44, 80, 87, 100, 60]
[44, 80, 88, 100, 60]
[44, 80, 89, 100, 60]
[44, 80, 90, 100, 60]
[44, 80, 91, 100, 60]
[44, 80, 92, 100, 60]
[44, 80, 93, 100, 60]
[44, 80, 94, 100, 60]
[44, 80, 95, 100, 60]
[44, 80, 96, 100, 60]
[44, 80, 97, 100, 60]
[44, 80, 98, 100, 60]
[44, 80, 99, 100, 60]
[44, 80, 100, 100, 60]
[45, 80, 65, 100, 60]
[45, 80, 66, 100, 60]
[45, 80, 67, 100, 60]
[45, 80, 68, 100, 60]
[45, 80, 69, 100, 60]
[45, 80, 70, 100, 60]
[45, 80, 71, 100, 60]
[45, 80, 72, 100, 60]
[45, 80, 73, 100, 60]
[45, 80, 74, 100, 60]
[45, 80, 75, 100, 60]
[45, 80, 76, 100, 60]
[45, 80, 77, 100, 60]
[45, 80, 78, 100, 60]
[45, 80, 79, 100, 60]
[45, 80, 80, 100, 60]
[45, 80, 81, 100, 60]
[45, 80, 82, 100, 60]
[45, 80, 83, 100, 60]
[45, 80, 84, 100, 60]
[45, 80, 85, 100, 60]
[45, 80, 86, 100, 60]
[45, 80, 87, 100, 60]
[45, 80, 88, 100, 60]
[45, 80, 89, 100, 60]
[45, 80, 90, 100, 60]
[45, 80, 91, 100, 60]
[45, 80, 92, 100, 60]
[45, 80, 93, 100, 60]
[45, 80, 94, 100, 60]
[45, 80, 95, 100, 60]
[45, 80, 96, 100, 60]
[45, 80, 97, 100, 60]
[45, 80, 98, 100, 60]
[45, 80, 99, 100, 60]
[45, 80, 100, 100, 60]
[46, 80, 65, 100, 60]
[46, 80, 66, 100, 60]
[46, 80, 67, 100, 60]
[46, 80, 68, 100, 60]
[46, 80, 69, 100, 60]
[46, 80, 70, 100, 60]
[46, 80, 71, 100, 60]
[46, 80, 72, 100, 60]
[46, 80, 73, 100, 60]
[46, 80, 74, 100, 60]
[46, 80, 75, 100, 60]
[46, 80, 76, 100, 60]
[46, 80, 77, 100, 60]
[46, 80, 78, 100, 60]
[46, 80, 79, 100, 60]
[46, 80, 80, 100, 60]
[46, 80, 81, 100, 60]
[46, 80, 82, 100, 60]
[46, 80, 83, 100, 60]
[46, 80, 84, 100, 60]
[46, 80, 85, 100, 60]
[46, 80, 86, 100, 60]
[46, 80, 87, 100, 60]
[46, 80, 88, 100, 60]
[46, 80, 89, 100, 60]
[46, 80, 90, 100, 60]
[46, 80, 91, 100, 60]
[46, 80, 92, 100, 60]
[46, 80, 93, 100, 60]
[46, 80, 94, 100, 60]
[46, 80, 95, 100, 60]
[46, 80, 96, 100, 60]
[46, 80, 97, 100, 60]
[46, 80, 98, 100, 60]
[46, 80, 99, 100, 60]
[46, 80, 100, 100, 60]
[47, 80, 65, 100, 60]
[47, 80, 66, 100, 60]
[47, 80, 67, 100, 60]
[47, 80, 68, 100, 60]
[47, 80, 69, 100, 60]
[47, 80, 70, 100, 60]
[47, 80, 71, 100, 60]
[47, 80, 72, 100, 60]
[47, 80, 73, 100, 60]
[47, 80, 74, 100, 60]
[47, 80, 75, 100, 60]
[47, 80, 76, 100, 60]
[47, 80, 77, 100, 60]
[47, 80, 78, 100, 60]
[47, 80, 79, 100, 60]
[47, 80, 80, 100, 60]
[47, 80, 81, 100, 60]
[47, 80, 82, 100, 60]
[47, 80, 83, 100, 60]
[47, 80, 84, 100, 60]
[47, 80, 85, 100, 60]
[47, 80, 86, 100, 60]
[47, 80, 87, 100, 60]
[47, 80, 88, 100, 60]
[47, 80, 89, 100, 60]
[47, 80, 90, 100, 60]
[47, 80, 91, 100, 60]
[47, 80, 92, 100, 60]
[47, 80, 93, 100, 60]
[47, 80, 94, 100, 60]
[47, 80, 95, 100, 60]
[47, 80, 96, 100, 60]
[47, 80, 97, 100, 60]
[47, 80, 98, 100, 60]
[47, 80, 99, 100, 60]
[47, 80, 100, 100, 60]
[48, 80, 65, 100, 60]
[48, 80, 66, 100, 60]
[48, 80, 67, 100, 60]
[48, 80, 68, 100, 60]
[48, 80, 69, 100, 60]
[48, 80, 70, 100, 60]
[48, 80, 71, 100, 60]
[48, 80, 72, 100, 60]
[48, 80, 73, 100, 60]
[48, 80, 74, 100, 60]
[48, 80, 75, 100, 60]
[48, 80, 76, 100, 60]
[48, 80, 77, 100, 60]
[48, 80, 78, 100, 60]
[48, 80, 79, 100, 60]
[48, 80, 80, 100, 60]
[48, 80, 81, 100, 60]
[48, 80, 82, 100, 60]
[48, 80, 83, 100, 60]
[48, 80, 84, 100, 60]
[48, 80, 85, 100, 60]
[48, 80, 86, 100, 60]
[48, 80, 87, 100, 60]
[48, 80, 88, 100, 60]
[48, 80, 89, 100, 60]
[48, 80, 90, 100, 60]
[48, 80, 91, 100, 60]
[48, 80, 92, 100, 60]
[48, 80, 93, 100, 60]
[48, 80, 94, 100, 60]
[48, 80, 95, 100, 60]
[48, 80, 96, 100, 60]
[48, 80, 97, 100, 60]
[48, 80, 98, 100, 60]
[48, 80, 99, 100, 60]
[48, 80, 100, 100, 60]
[49, 80, 65, 100, 60]
[49, 80, 66, 100, 60]
[49, 80, 67, 100, 60]
[49, 80, 68, 100, 60]
[49, 80, 69, 100, 60]
[49, 80, 70, 100, 60]
[49, 80, 71, 100, 60]
[49, 80, 72, 100, 60]
[49, 80, 73, 100, 60]
[49, 80, 74, 100, 60]
[49, 80, 75, 100, 60]
[49, 80, 76, 100, 60]
[49, 80, 77, 100, 60]
[49, 80, 78, 100, 60]
[49, 80, 79, 100, 60]
[49, 80, 80, 100, 60]
[49, 80, 81, 100, 60]
[49, 80, 82, 100, 60]
[49, 80, 83, 100, 60]
[49, 80, 84, 100, 60]
[49, 80, 85, 100, 60]
[49, 80, 86, 100, 60]
[49, 80, 87, 100, 60]
[49, 80, 88, 100, 60]
[49, 80, 89, 100, 60]
[49, 80, 90, 100, 60]
[49, 80, 91, 100, 60]
[49, 80, 92, 100, 60]
[49, 80, 93, 100, 60]
[49, 80, 94, 100, 60]
[49, 80, 95, 100, 60]
[49, 80, 96, 100, 60]
[49, 80, 97, 100, 60]
[49, 80, 98, 100, 60]
[49, 80, 99, 100, 60]
[49, 80, 100, 100, 60]
[50, 80, 65, 100, 60]
[50, 80, 66, 100, 60]
[50, 80, 67, 100, 60]
[50, 80, 68, 100, 60]
[50, 80, 69, 100, 60]
[50, 80, 70, 100, 60]
[50, 80, 71, 100, 60]
[50, 80, 72, 100, 60]
[50, 80, 73, 100, 60]
[50, 80, 74, 100, 60]
[50, 80, 75, 100, 60]
[50, 80, 76, 100, 60]
[50, 80, 77, 100, 60]
[50, 80, 78, 100, 60]
[50, 80, 79, 100, 60]
[50, 80, 80, 100, 60]
[50, 80, 81, 100, 60]
[50, 80, 82, 100, 60]
[50, 80, 83, 100, 60]
[50, 80, 84, 100, 60]
[50, 80, 85, 100, 60]
[50, 80, 86, 100, 60]
[50, 80, 87, 100, 60]
[50, 80, 88, 100, 60]
[50, 80, 89, 100, 60]
[50, 80, 90, 100, 60]
[50, 80, 91, 100, 60]
[50, 80, 92, 100, 60]
[50, 80, 93, 100, 60]
[50, 80, 94, 100, 60]
[50, 80, 95, 100, 60]
[50, 80, 96, 100, 60]
[50, 80, 97, 100, 60]
[50, 80, 98, 100, 60]
[50, 80, 99, 100, 60]
[50, 80, 100, 100, 60]
[51, 80, 65, 100, 60]
[51, 80, 66, 100, 60]
[51, 80, 67, 100, 60]
[51, 80, 68, 100, 60]
[51, 80, 69, 100, 60]
[51, 80, 70, 100, 60]
[51, 80, 71, 100, 60]
[51, 80, 72, 100, 60]
[51, 80, 73, 100, 60]
[51, 80, 74, 100, 60]
[51, 80, 75, 100, 60]
[51, 80, 76, 100, 60]
[51, 80, 77, 100, 60]
[51, 80, 78, 100, 60]
[51, 80, 79, 100, 60]
[51, 80, 80, 100, 60]
[51, 80, 81, 100, 60]
[51, 80, 82, 100, 60]
[51, 80, 83, 100, 60]
[51, 80, 84, 100, 60]
[51, 80, 85, 100, 60]
[51, 80, 86, 100, 60]
[51, 80, 87, 100, 60]
[51, 80, 88, 100, 60]
[51, 80, 89, 100, 60]
[51, 80, 90, 100, 60]
[51, 80, 91, 100, 60]
[51, 80, 92, 100, 60]
[51, 80, 93, 100, 60]
[51, 80, 94, 100, 60]
[51, 80, 95, 100, 60]
[51, 80, 96, 100, 60]
[51, 80, 97, 100, 60]
[51, 80, 98, 100, 60]
[51, 80, 99, 100, 60]
[51, 80, 100, 100, 60]
[52, 80, 65, 100, 60]
[52, 80, 66, 100, 60]
[52, 80, 67, 100, 60]
[52, 80, 68, 100, 60]
[52, 80, 69, 100, 60]
[52, 80, 70, 100, 60]
[52, 80, 71, 100, 60]
[52, 80, 72, 100, 60]
[52, 80, 73, 100, 60]
[52, 80, 74, 100, 60]
[52, 80, 75, 100, 60]
[52, 80, 76, 100, 60]
[52, 80, 77, 100, 60]
[52, 80, 78, 100, 60]
[52, 80, 79, 100, 60]
[52, 80, 80, 100, 60]
[52, 80, 81, 100, 60]
[52, 80, 82, 100, 60]
[52, 80, 83, 100, 60]
[52, 80, 84, 100, 60]
[52, 80, 85, 100, 60]
[52, 80, 86, 100, 60]
[52, 80, 87, 100, 60]
[52, 80, 88, 100, 60]
[52, 80, 89, 100, 60]
[52, 80, 90, 100, 60]
[52, 80, 91, 100, 60]
[52, 80, 92, 100, 60]
[52, 80, 93, 100, 60]
[52, 80, 94, 100, 60]
[52, 80, 95, 100, 60]
[52, 80, 96, 100, 60]
[52, 80, 97, 100, 60]
[52, 80, 98, 100, 60]
[52, 80, 99, 100, 60]
[52, 80, 100, 100, 60]
[53, 80, 65, 100, 60]
[53, 80, 66, 100, 60]
[53, 80, 67, 100, 60]
[53, 80, 68, 100, 60]
[53, 80, 69, 100, 60]
[53, 80, 70, 100, 60]
[53, 80, 71, 100, 60]
[53, 80, 72, 100, 60]
[53, 80, 73, 100, 60]
[53, 80, 74, 100, 60]
[53, 80, 75, 100, 60]
[53, 80, 76, 100, 60]
[53, 80, 77, 100, 60]
[53, 80, 78, 100, 60]
[53, 80, 79, 100, 60]
[53, 80, 80, 100, 60]
[53, 80, 81, 100, 60]
[53, 80, 82, 100, 60]
[53, 80, 83, 100, 60]
[53, 80, 84, 100, 60]
[53, 80, 85, 100, 60]
[53, 80, 86, 100, 60]
[53, 80, 87, 100, 60]
[53, 80, 88, 100, 60]
[53, 80, 89, 100, 60]
[53, 80, 90, 100, 60]
[53, 80, 91, 100, 60]
[53, 80, 92, 100, 60]
[53, 80, 93, 100, 60]
[53, 80, 94, 100, 60]
[53, 80, 95, 100, 60]
[53, 80, 96, 100, 60]
[53, 80, 97, 100, 60]
[53, 80, 98, 100, 60]
[53, 80, 99, 100, 60]
[53, 80, 100, 100, 60]
[54, 80, 65, 100, 60]
[54, 80, 66, 100, 60]
[54, 80, 67, 100, 60]
[54, 80, 68, 100, 60]
[54, 80, 69, 100, 60]
[54, 80, 70, 100, 60]
[54, 80, 71, 100, 60]
[54, 80, 72, 100, 60]
[54, 80, 73, 100, 60]
[54, 80, 74, 100, 60]
[54, 80, 75, 100, 60]
[54, 80, 76, 100, 60]
[54, 80, 77, 100, 60]
[54, 80, 78, 100, 60]
[54, 80, 79, 100, 60]
[54, 80, 80, 100, 60]
[54, 80, 81, 100, 60]
[54, 80, 82, 100, 60]
[54, 80, 83, 100, 60]
[54, 80, 84, 100, 60]
[54, 80, 85, 100, 60]
[54, 80, 86, 100, 60]
[54, 80, 87, 100, 60]
[54, 80, 88, 100, 60]
[54, 80, 89, 100, 60]
[54, 80, 90, 100, 60]
[54, 80, 91, 100, 60]
[54, 80, 92, 100, 60]
[54, 80, 93, 100, 60]
[54, 80, 94, 100, 60]
[54, 80, 95, 100, 60]
[54, 80, 96, 100, 60]
[54, 80, 97, 100, 60]
[54, 80, 98, 100, 60]
[54, 80, 99, 100, 60]
[54, 80, 100, 100, 60]
[55, 80, 65, 100, 60]
[55, 80, 66, 100, 60]
[55, 80, 67, 100, 60]
[55, 80, 68, 100, 60]
[55, 80, 69, 100, 60]
[55, 80, 70, 100, 60]
[55, 80, 71, 100, 60]
[55, 80, 72, 100, 60]
[55, 80, 73, 100, 60]
[55, 80, 74, 100, 60]
[55, 80, 75, 100, 60]
[55, 80, 76, 100, 60]
[55, 80, 77, 100, 60]
[55, 80, 78, 100, 60]
[55, 80, 79, 100, 60]
[55, 80, 80, 100, 60]
[55, 80, 81, 100, 60]
[55, 80, 82, 100, 60]
[55, 80, 83, 100, 60]
[55, 80, 84, 100, 60]
[55, 80, 85, 100, 60]
[55, 80, 86, 100, 60]
[55, 80, 87, 100, 60]
[55, 80, 88, 100, 60]
[55, 80, 89, 100, 60]
[55, 80, 90, 100, 60]
[55, 80, 91, 100, 60]
[55, 80, 92, 100, 60]
[55, 80, 93, 100, 60]
[55, 80, 94, 100, 60]
[55, 80, 95, 100, 60]
[55, 80, 96, 100, 60]
[55, 80, 97, 100, 60]
[55, 80, 98, 100, 60]
[55, 80, 99, 100, 60]
[55, 80, 100, 100, 60]
[56, 80, 65, 100, 60]
[56, 80, 66, 100, 60]
[56, 80, 67, 100, 60]
[56, 80, 68, 100, 60]
[56, 80, 69, 100, 60]
[56, 80, 70, 100, 60]
[56, 80, 71, 100, 60]
[56, 80, 72, 100, 60]
[56, 80, 73, 100, 60]
[56, 80, 74, 100, 60]
[56, 80, 75, 100, 60]
[56, 80, 76, 100, 60]
[56, 80, 77, 100, 60]
[56, 80, 78, 100, 60]
[56, 80, 79, 100, 60]
[56, 80, 80, 100, 60]
[56, 80, 81, 100, 60]
[56, 80, 82, 100, 60]
[56, 80, 83, 100, 60]
[56, 80, 84, 100, 60]
[56, 80, 85, 100, 60]
[56, 80, 86, 100, 60]
[56, 80, 87, 100, 60]
[56, 80, 88, 100, 60]
[56, 80, 89, 100, 60]
[56, 80, 90, 100, 60]
[56, 80, 91, 100, 60]
[56, 80, 92, 100, 60]
[56, 80, 93, 100, 60]
[56, 80, 94, 100, 60]
[56, 80, 95, 100, 60]
[56, 80, 96, 100, 60]
[56, 80, 97, 100, 60]
[56, 80, 98, 100, 60]
[56, 80, 99, 100, 60]
[56, 80, 100, 100, 60]
[57, 80, 65, 100, 60]
[57, 80, 66, 100, 60]
[57, 80, 67, 100, 60]
[57, 80, 68, 100, 60]
[57, 80, 69, 100, 60]
[57, 80, 70, 100, 60]
[57, 80, 71, 100, 60]
[57, 80, 72, 100, 60]
[57, 80, 73, 100, 60]
[57, 80, 74, 100, 60]
[57, 80, 75, 100, 60]
[57, 80, 76, 100, 60]
[57, 80, 77, 100, 60]
[57, 80, 78, 100, 60]
[57, 80, 79, 100, 60]
[57, 80, 80, 100, 60]
[57, 80, 81, 100, 60]
[57, 80, 82, 100, 60]
[57, 80, 83, 100, 60]
[57, 80, 84, 100, 60]
[57, 80, 85, 100, 60]
[57, 80, 86, 100, 60]
[57, 80, 87, 100, 60]
[57, 80, 88, 100, 60]
[57, 80, 89, 100, 60]
[57, 80, 90, 100, 60]
[57, 80, 91, 100, 60]
[57, 80, 92, 100, 60]
[57, 80, 93, 100, 60]
[57, 80, 94, 100, 60]
[57, 80, 95, 100, 60]
[57, 80, 96, 100, 60]
[57, 80, 97, 100, 60]
[57, 80, 98, 100, 60]
[57, 80, 99, 100, 60]
[57, 80, 100, 100, 60]
[58, 80, 65, 100, 60]
[58, 80, 66, 100, 60]
[58, 80, 67, 100, 60]
[58, 80, 68, 100, 60]
[58, 80, 69, 100, 60]
[58, 80, 70, 100, 60]
[58, 80, 71, 100, 60]
[58, 80, 72, 100, 60]
[58, 80, 73, 100, 60]
[58, 80, 74, 100, 60]
[58, 80, 75, 100, 60]
[58, 80, 76, 100, 60]
[58, 80, 77, 100, 60]
[58, 80, 78, 100, 60]
[58, 80, 79, 100, 60]
[58, 80, 80, 100, 60]
[58, 80, 81, 100, 60]
[58, 80, 82, 100, 60]
[58, 80, 83, 100, 60]
[58, 80, 84, 100, 60]
[58, 80, 85, 100, 60]
[58, 80, 86, 100, 60]
[58, 80, 87, 100, 60]
[58, 80, 88, 100, 60]
[58, 80, 89, 100, 60]
[58, 80, 90, 100, 60]
[58, 80, 91, 100, 60]
[58, 80, 92, 100, 60]
[58, 80, 93, 100, 60]
[58, 80, 94, 100, 60]
[58, 80, 95, 100, 60]
[58, 80, 96, 100, 60]
[58, 80, 97, 100, 60]
[58, 80, 98, 100, 60]
[58, 80, 99, 100, 60]
[58, 80, 100, 100, 60]
[59, 80, 65, 100, 60]
[59, 80, 66, 100, 60]
[59, 80, 67, 100, 60]
[59, 80, 68, 100, 60]
[59, 80, 69, 100, 60]
[59, 80, 70, 100, 60]
[59, 80, 71, 100, 60]
[59, 80, 72, 100, 60]
[59, 80, 73, 100, 60]
[59, 80, 74, 100, 60]
[59, 80, 75, 100, 60]
[59, 80, 76, 100, 60]
[59, 80, 77, 100, 60]
[59, 80, 78, 100, 60]
[59, 80, 79, 100, 60]
[59, 80, 80, 100, 60]
[59, 80, 81, 100, 60]
[59, 80, 82, 100, 60]
[59, 80, 83, 100, 60]
[59, 80, 84, 100, 60]
[59, 80, 85, 100, 60]
[59, 80, 86, 100, 60]
[59, 80, 87, 100, 60]
[59, 80, 88, 100, 60]
[59, 80, 89, 100, 60]
[59, 80, 90, 100, 60]
[59, 80, 91, 100, 60]
[59, 80, 92, 100, 60]
[59, 80, 93, 100, 60]
[59, 80, 94, 100, 60]
[59, 80, 95, 100, 60]
[59, 80, 96, 100, 60]
[59, 80, 97, 100, 60]
[59, 80, 98, 100, 60]
[59, 80, 99, 100, 60]
[59, 80, 100, 100, 60]
[60, 80, 65, 100, 60]
[60, 80, 66, 100, 60]
[60, 80, 67, 100, 60]
[60, 80, 68, 100, 60]
[60, 80, 69, 100, 60]
[60, 80, 70, 100, 60]
[60, 80, 71, 100, 60]
[60, 80, 72, 100, 60]
[60, 80, 73, 100, 60]
[60, 80, 74, 100, 60]
[60, 80, 75, 100, 60]
[60, 80, 76, 100, 60]
[60, 80, 77, 100, 60]
[60, 80, 78, 100, 60]
[60, 80, 79, 100, 60]
[60, 80, 80, 100, 60]
[60, 80, 81, 100, 60]
[60, 80, 82, 100, 60]
[60, 80, 83, 100, 60]
[60, 80, 84, 100, 60]
[60, 80, 85, 100, 60]
[60, 80, 86, 100, 60]
[60, 80, 87, 100, 60]
[60, 80, 88, 100, 60]
[60, 80, 89, 100, 60]
[60, 80, 90, 100, 60]
[60, 80, 91, 100, 60]
[60, 80, 92, 100, 60]
[60, 80, 93, 100, 60]
[60, 80, 94, 100, 60]
[60, 80, 95, 100, 60]
[60, 80, 96, 100, 60]
[60, 80, 97, 100, 60]
[60, 80, 98, 100, 60]
[60, 80, 99, 100, 60]
[60, 80, 100, 100, 60]
[61, 80, 65, 100, 60]
[61, 80, 66, 100, 60]
[61, 80, 67, 100, 60]
[61, 80, 68, 100, 60]
[61, 80, 69, 100, 60]
[61, 80, 70, 100, 60]
[61, 80, 71, 100, 60]
[61, 80, 72, 100, 60]
[61, 80, 73, 100, 60]
[61, 80, 74, 100, 60]
[61, 80, 75, 100, 60]
[61, 80, 76, 100, 60]
[61, 80, 77, 100, 60]
[61, 80, 78, 100, 60]
[61, 80, 79, 100, 60]
[61, 80, 80, 100, 60]
[61, 80, 81, 100, 60]
[61, 80, 82, 100, 60]
[61, 80, 83, 100, 60]
[61, 80, 84, 100, 60]
[61, 80, 85, 100, 60]
[61, 80, 86, 100, 60]
[61, 80, 87, 100, 60]
[61, 80, 88, 100, 60]
[61, 80, 89, 100, 60]
[61, 80, 90, 100, 60]
[61, 80, 91, 100, 60]
[61, 80, 92, 100, 60]
[61, 80, 93, 100, 60]
[61, 80, 94, 100, 60]
[61, 80, 95, 100, 60]
[61, 80, 96, 100, 60]
[61, 80, 97, 100, 60]
[61, 80, 98, 100, 60]
[61, 80, 99, 100, 60]
[61, 80, 100, 100, 60]
[62, 80, 65, 100, 60]
[62, 80, 66, 100, 60]
[62, 80, 67, 100, 60]
[62, 80, 68, 100, 60]
[62, 80, 69, 100, 60]
[62, 80, 70, 100, 60]
[62, 80, 71, 100, 60]
[62, 80, 72, 100, 60]
[62, 80, 73, 100, 60]
[62, 80, 74, 100, 60]
[62, 80, 75, 100, 60]
[62, 80, 76, 100, 60]
[62, 80, 77, 100, 60]
[62, 80, 78, 100, 60]
[62, 80, 79, 100, 60]
[62, 80, 80, 100, 60]
[62, 80, 81, 100, 60]
[62, 80, 82, 100, 60]
[62, 80, 83, 100, 60]
[62, 80, 84, 100, 60]
[62, 80, 85, 100, 60]
[62, 80, 86, 100, 60]
[62, 80, 87, 100, 60]
[62, 80, 88, 100, 60]
[62, 80, 89, 100, 60]
[62, 80, 90, 100, 60]
[62, 80, 91, 100, 60]
[62, 80, 92, 100, 60]
[62, 80, 93, 100, 60]
[62, 80, 94, 100, 60]
[62, 80, 95, 100, 60]
[62, 80, 96, 100, 60]
[62, 80, 97, 100, 60]
[62, 80, 98, 100, 60]
[62, 80, 99, 100, 60]
[62, 80, 100, 100, 60]
[63, 80, 65, 100, 60]
[63, 80, 66, 100, 60]
[63, 80, 67, 100, 60]
[63, 80, 68, 100, 60]
[63, 80, 69, 100, 60]
[63, 80, 70, 100, 60]
[63, 80, 71, 100, 60]
[63, 80, 72, 100, 60]
[63, 80, 73, 100, 60]
[63, 80, 74, 100, 60]
[63, 80, 75, 100, 60]
[63, 80, 76, 100, 60]
[63, 80, 77, 100, 60]
[63, 80, 78, 100, 60]
[63, 80, 79, 100, 60]
[63, 80, 80, 100, 60]
[63, 80, 81, 100, 60]
[63, 80, 82, 100, 60]
[63, 80, 83, 100, 60]
[63, 80, 84, 100, 60]
[63, 80, 85, 100, 60]
[63, 80, 86, 100, 60]
[63, 80, 87, 100, 60]
[63, 80, 88, 100, 60]
[63, 80, 89, 100, 60]
[63, 80, 90, 100, 60]
[63, 80, 91, 100, 60]
[63, 80, 92, 100, 60]
[63, 80, 93, 100, 60]
[63, 80, 94, 100, 60]
[63, 80, 95, 100, 60]
[63, 80, 96, 100, 60]
[63, 80, 97, 100, 60]
[63, 80, 98, 100, 60]
[63, 80, 99, 100, 60]
[63, 80, 100, 100, 60]
[64, 80, 65, 100, 60]
[64, 80, 66, 100, 60]
[64, 80, 67, 100, 60]
[64, 80, 68, 100, 60]
[64, 80, 69, 100, 60]
[64, 80, 70, 100, 60]
[64, 80, 71, 100, 60]
[64, 80, 72, 100, 60]
[64, 80, 73, 100, 60]
[64, 80, 74, 100, 60]
[64, 80, 75, 100, 60]
[64, 80, 76, 100, 60]
[64, 80, 77, 100, 60]
[64, 80, 78, 100, 60]
[64, 80, 79, 100, 60]
[64, 80, 80, 100, 60]
[64, 80, 81, 100, 60]
[64, 80, 82, 100, 60]
[64, 80, 83, 100, 60]
[64, 80, 84, 100, 60]
[64, 80, 85, 100, 60]
[64, 80, 86, 100, 60]
[64, 80, 87, 100, 60]
[64, 80, 88, 100, 60]
[64, 80, 89, 100, 60]
[64, 80, 90, 100, 60]
[64, 80, 91, 100, 60]
[64, 80, 92, 100, 60]
[64, 80, 93, 100, 60]
[64, 80, 94, 100, 60]
[64, 80, 95, 100, 60]
[64, 80, 96, 100, 60]
[64, 80, 97, 100, 60]
[64, 80, 98, 100, 60]
[64, 80, 99, 100, 60]
[64, 80, 100, 100, 60]
[65, 80, 65, 100, 60]
[65, 80, 66, 100, 60]
[65, 80, 67, 100, 60]
[65, 80, 68, 100, 60]
[65, 80, 69, 100, 60]
[65, 80, 70, 100, 60]
[65, 80, 71, 100, 60]
[65, 80, 72, 100, 60]
[65, 80, 73, 100, 60]
[65, 80, 74, 100, 60]
[65, 80, 75, 100, 60]
[65, 80, 76, 100, 60]
[65, 80, 77, 100, 60]
[65, 80, 78, 100, 60]
[65, 80, 79, 100, 60]
[65, 80, 80, 100, 60]
[65, 80, 81, 100, 60]
[65, 80, 82, 100, 60]
[65, 80, 83, 100, 60]
[65, 80, 84, 100, 60]
[65, 80, 85, 100, 60]
[65, 80, 86, 100, 60]
[65, 80, 87, 100, 60]
[65, 80, 88, 100, 60]
[65, 80, 89, 100, 60]
[65, 80, 90, 100, 60]
[65, 80, 91, 100, 60]
[65, 80, 92, 100, 60]
[65, 80, 93, 100, 60]
[65, 80, 94, 100, 60]
[65, 80, 95, 100, 60]
[65, 80, 96, 100, 60]
[65, 80, 97, 100, 60]
[65, 80, 98, 100, 60]
[65, 80, 99, 100, 60]
[65, 80, 100, 100, 60]
[66, 80, 65, 100, 60]
[66, 80, 66, 100, 60]
[66, 80, 67, 100, 60]
[66, 80, 68, 100, 60]
[66, 80, 69, 100, 60]
[66, 80, 70, 100, 60]
[66, 80, 71, 100, 60]
[66, 80, 72, 100, 60]
[66, 80, 73, 100, 60]
[66, 80, 74, 100, 60]
[66, 80, 75, 100, 60]
[66, 80, 76, 100, 60]
[66, 80, 77, 100, 60]
[66, 80, 78, 100, 60]
[66, 80, 79, 100, 60]
[66, 80, 80, 100, 60]
[66, 80, 81, 100, 60]
[66, 80, 82, 100, 60]
[66, 80, 83, 100, 60]
[66, 80, 84, 100, 60]
[66, 80, 85, 100, 60]
[66, 80, 86, 100, 60]
[66, 80, 87, 100, 60]
[66, 80, 88, 100, 60]
[66, 80, 89, 100, 60]
[66, 80, 90, 100, 60]
[66, 80, 91, 100, 60]
[66, 80, 92, 100, 60]
[66, 80, 93, 100, 60]
[66, 80, 94, 100, 60]
[66, 80, 95, 100, 60]
[66, 80, 96, 100, 60]
[66, 80, 97, 100, 60]
[66, 80, 98, 100, 60]
[66, 80, 99, 100, 60]
[66, 80, 100, 100, 60]
[67, 80, 65, 100, 60]
[67, 80, 66, 100, 60]
[67, 80, 67, 100, 60]
[67, 80, 68, 100, 60]
[67, 80, 69, 100, 60]
[67, 80, 70, 100, 60]
[67, 80, 71, 100, 60]
[67, 80, 72, 100, 60]
[67, 80, 73, 100, 60]
[67, 80, 74, 100, 60]
[67, 80, 75, 100, 60]
[67, 80, 76, 100, 60]
[67, 80, 77, 100, 60]
[67, 80, 78, 100, 60]
[67, 80, 79, 100, 60]
[67, 80, 80, 100, 60]
[67, 80, 81, 100, 60]
[67, 80, 82, 100, 60]
[67, 80, 83, 100, 60]
[67, 80, 84, 100, 60]
[67, 80, 85, 100, 60]
[67, 80, 86, 100, 60]
[67, 80, 87, 100, 60]
[67, 80, 88, 100, 60]
[67, 80, 89, 100, 60]
[67, 80, 90, 100, 60]
[67, 80, 91, 100, 60]
[67, 80, 92, 100, 60]
[67, 80, 93, 100, 60]
[67, 80, 94, 100, 60]
[67, 80, 95, 100, 60]
[67, 80, 96, 100, 60]
[67, 80, 97, 100, 60]
[67, 80, 98, 100, 60]
[67, 80, 99, 100, 60]
[67, 80, 100, 100, 60]
[68, 80, 65, 100, 60]
[68, 80, 66, 100, 60]
[68, 80, 67, 100, 60]
[68, 80, 68, 100, 60]
[68, 80, 69, 100, 60]
[68, 80, 70, 100, 60]
[68, 80, 71, 100, 60]
[68, 80, 72, 100, 60]
[68, 80, 73, 100, 60]
[68, 80, 74, 100, 60]
[68, 80, 75, 100, 60]
[68, 80, 76, 100, 60]
[68, 80, 77, 100, 60]
[68, 80, 78, 100, 60]
[68, 80, 79, 100, 60]
[68, 80, 80, 100, 60]
[68, 80, 81, 100, 60]
[68, 80, 82, 100, 60]
[68, 80, 83, 100, 60]
[68, 80, 84, 100, 60]
[68, 80, 85, 100, 60]
[68, 80, 86, 100, 60]
[68, 80, 87, 100, 60]
[68, 80, 88, 100, 60]
[68, 80, 89, 100, 60]
[68, 80, 90, 100, 60]
[68, 80, 91, 100, 60]
[68, 80, 92, 100, 60]
[68, 80, 93, 100, 60]
[68, 80, 94, 100, 60]
[68, 80, 95, 100, 60]
[68, 80, 96, 100, 60]
[68, 80, 97, 100, 60]
[68, 80, 98, 100, 60]
[68, 80, 99, 100, 60]
[68, 80, 100, 100, 60]
[69, 80, 65, 100, 60]
[69, 80, 66, 100, 60]
[69, 80, 67, 100, 60]
[69, 80, 68, 100, 60]
[69, 80, 69, 100, 60]
[69, 80, 70, 100, 60]
[69, 80, 71, 100, 60]
[69, 80, 72, 100, 60]
[69, 80, 73, 100, 60]
[69, 80, 74, 100, 60]
[69, 80, 75, 100, 60]
[69, 80, 76, 100, 60]
[69, 80, 77, 100, 60]
[69, 80, 78, 100, 60]
[69, 80, 79, 100, 60]
[69, 80, 80, 100, 60]
[69, 80, 81, 100, 60]
[69, 80, 82, 100, 60]
[69, 80, 83, 100, 60]
[69, 80, 84, 100, 60]
[69, 80, 85, 100, 60]
[69, 80, 86, 100, 60]
[69, 80, 87, 100, 60]
[69, 80, 88, 100, 60]
[69, 80, 89, 100, 60]
[69, 80, 90, 100, 60]
[69, 80, 91, 100, 60]
[69, 80, 92, 100, 60]
[69, 80, 93, 100, 60]
[69, 80, 94, 100, 60]
[69, 80, 95, 100, 60]
[69, 80, 96, 100, 60]
[69, 80, 97, 100, 60]
[69, 80, 98, 100, 60]
[69, 80, 99, 100, 60]
[69, 80, 100, 100, 60]
[70, 80, 65, 100, 60]
[70, 80, 66, 100, 60]
[70, 80, 67, 100, 60]
[70, 80, 68, 100, 60]
[70, 80, 69, 100, 60]
[70, 80, 70, 100, 60]
[70, 80, 71, 100, 60]
[70, 80, 72, 100, 60]
[70, 80, 73, 100, 60]
[70, 80, 74, 100, 60]
[70, 80, 75, 100, 60]
[70, 80, 76, 100, 60]
[70, 80, 77, 100, 60]
[70, 80, 78, 100, 60]
[70, 80, 79, 100, 60]
[70, 80, 80, 100, 60]
[70, 80, 81, 100, 60]
[70, 80, 82, 100, 60]
[70, 80, 83, 100, 60]
[70, 80, 84, 100, 60]
[70, 80, 85, 100, 60]
[70, 80, 86, 100, 60]
[70, 80, 87, 100, 60]
[70, 80, 88, 100, 60]
[70, 80, 89, 100, 60]
[70, 80, 90, 100, 60]
[70, 80, 91, 100, 60]
[70, 80, 92, 100, 60]
[70, 80, 93, 100, 60]
[70, 80, 94, 100, 60]
[70, 80, 95, 100, 60]
[70, 80, 96, 100, 60]
[70, 80, 97, 100, 60]
[70, 80, 98, 100, 60]
[70, 80, 99, 100, 60]
[70, 80, 100, 100, 60]
