[84, 81, 73, 84, 30]
[89, 89, 74, 84, 31]
[80, 76, 81, 80, 32]
[74, 76, 79, 90, 33]
[87, 74, 74, 86, 34]
[71, 78, 73, 79, 35]
[73, 89, 76, 73, 36]
[77, 90, 81, 90, 37]
[75, 72, 83, 74, 38]
[74, 75, 76, 81, 39]
[81, 88, 81, 84, 40]
[82, 72, 84, 87, 41]
[84, 81, 85, 84, 42]
[76, 89, 77, 76, 43]
[88, 73, 80, 75, 44]
[81, 75, 90, 73, 45]
[73, 87, 72, 86, 46]
[81, 77, 73, 81, 47]
[75, 76, 88, 83, 48]
[90, 75, 87, 81, 49]
[78, 86, 71, 74, 50]
[71, 88, 82, 88, 51]
[86, 74, 87, 81, 52]
[77, 86, 80, 85, 53]
[84, 76, 77, 77, 54]
[74, 72, 86, 84, 55]
[76, 80, 74, 75, 56]
[83, 80, 85, 83, 57]
[80, 88, 89, 74, 58]
[72, 78, 83, 85, 59]
[74, 84, 84, 74, 60]
[83, 79, 80, 74, 61]
[85, 78, 78, 88, 62]
[73, 80, 89, 86, 63]
[90, 76, 77, 90, 64]
[73, 73, 85, 75, 65]
[87, 89, 90, 87, 66]
[74, 83, 87, 80, 67]
[77, 71, 87, 73, 68]
[87, 76, 81, 78, 69]
[85, 85, 80, 79, 70]
[86, 76, 82, 86, 30]
[85, 72, 75, 78, 31]
[89, 72, 84, 74, 32]
[87, 72, 73, 87, 33]
[84, 72, 76, 89, 34]
[84, 85, 73, 81, 35]
[83, 87, 78, 80, 36]
[76, 89, 77, 82, 37]
[88, 81, 90, 87, 38]
[82, 74, 74, 78, 39]
[87, 83, 76, 75, 40]
[79, 75, 74, 80, 41]
[86, 72, 79, 72, 42]
[89, 86, 82, 87, 43]
[84, 79, 77, 81, 44]
[77, 79, 90, 88, 45]
[75, 85, 88, 73, 46]
[71, 82, 90, 87, 47]
[90, 81, 74, 80, 48]
[85, 75, 83, 87, 49]
[82, 72, 85, 90, 50]
[81, 76, 73, 79, 51]
[85, 78, 81, 87, 52]
[79, 87, 79, 73, 53]
[83, 84, 71, 81, 54]
[71, 71, 86, 85, 55]
[90, 87, 83, 89, 56]
[74, 74, 72, 77, 57]
[89, 88, 77, 79, 58]
[87, 84, 77, 83, 59]
[84, 78, 73, 82, 60]
[89, 73, 76, 74, 61]
[85, 86, 90, 84, 62]
[79, 72, 74, 75, 63]
[77, 72, 81, 74, 64]
[77, 85, 74, 79, 65]
[83, 80, 71, 76, 66]
[79, 83, 85, 89, 67]
[88, 71, 79, 87, 68]
[77, 85, 71, 75, 69]
[90, 74, 81, 79, 70]
[86, 84, 71, 81, 30]
[81, 73, 85, 73, 31]
[81, 79, 77, 86, 32]
[74, 79, 75, 71, 33]
[83, 86, 84, 80, 34]
[85, 79, 74, 79, 35]
[74, 85, 80, 82, 36]
[74, 72, 78, 79, 37]
[83, 85, 86, 84, 38]
[74, 85, 80, 80, 39]
[71, 72, 78, 79, 40]
[89, 80, 77, 79, 41]
[79, 82, 88, 87, 42]
[87, 78, 90, 86, 43]
[72, 79, 86, 83, 44]
[79, 90, 76, 90, 45]
[89, 87, 82, 77, 46]
[80, 79, 89, 74, 47]
[74, 74, 81, 73, 48]
[72, 86, 86, 80, 49]
[79, 71, 71, 74, 50]
[78, 90, 81, 71, 51]
[81, 85, 72, 82, 52]
[88, 85, 80, 84, 53]
[82, 71, 77, 90, 54]
[87, 78, 86, 84, 55]
[88, 79, 78, 87, 56]
[81, 75, 85, 82, 57]
[83, 80, 77, 71, 58]
[84, 72, 74, 90, 59]
[87, 87, 73, 83, 60]
[82, 82, 76, 88, 61]
[82, 86, 90, 78, 62]
[88, 76, 88, 90, 63]
[74, 82, 90, 89, 64]
[78, 83, 71, 75, 65]
[88, 89, 86, 90, 66]
[77, 86, 77, 80, 67]
[84, 78, 73, 74, 68]
[90, 86, 76, 88, 69]
[81, 87, 74, 75, 70]
[75, 72, 73, 84, 30]
[77, 85, 78, 88, 31]
[81, 85, 73, 84, 32]
[81, 84, 76, 71, 33]
[75, 76, 84, 86, 34]
[82, 82, 89, 75, 35]
[76, 84, 89, 80, 36]
[81, 80, 73, 74, 37]
[75, 73, 90, 83, 38]
[75, 89, 85, 78, 39]
[90, 75, 89, 82, 40]
[84, 84, 78, 86, 41]
[83, 81, 81, 79, 42]
[72, 72, 75, 90, 43]
[71, 76, 85, 87, 44]
[72, 78, 76, 81, 45]
[84, 89, 82, 88, 46]
[73, 74, 78, 87, 47]
[87, 84, 71, 88, 48]
[72, 84, 83, 83, 49]
[86, 75, 88, 79, 50]
[80, 81, 82, 89, 51]
[85, 85, 84, 87, 52]
[86, 76, 78, 85, 53]
[75, 76, 90, 81, 54]
[76, 82, 80, 84, 55]
[78, 85, 84, 87, 56]
[78, 84, 82, 84, 57]
[88, 82, 85, 83, 58]
[71, 75, 87, 87, 59]
[83, 88, 81, 90, 60]
[83, 84, 86, 89, 61]
[89, 87, 85, 72, 62]
[84, 84, 82, 74, 63]
[77, 73, 78, 84, 64]
[83, 72, 88, 78, 65]
[89, 79, 85, 78, 66]
[71, 76, 75, 77, 67]
[74, 74, 78, 86, 68]
[75, 81, 89, 84, 69]
[90, 71, 84, 72, 70]
[86, 90, 81, 78, 30]
[84, 89, 73, 74, 31]
[72, 85, 74, 73, 32]
[84, 85, 75, 74, 33]
[78, 81, 81, 74, 34]
[77, 88, 80, 84, 35]
[87, 79, 85, 82, 36]
[72, 72, 75, 87, 37]
[86, 88, 79, 75, 38]
[71, 87, 74, 72, 39]
[82, 90, 75, 80, 40]
[73, 89, 79, 71, 41]
[75, 74, 73, 83, 42]
[75, 86, 77, 82, 43]
[88, 74, 89, 85, 44]
[89, 73, 80, 83, 45]
[74, 82, 72, 71, 46]
[86, 72, 84, 85, 47]
[90, 90, 89, 77, 48]
[84, 83, 72, 71, 49]
[81, 78, 72, 75, 50]
[77, 82, 73, 88, 51]
[75, 90, 71, 83, 52]
[74, 82, 83, 90, 53]
[73, 84, 88, 77, 54]
[89, 87, 73, 74, 55]
[87, 76, 71, 85, 56]
[77, 75, 72, 76, 57]
[76, 86, 88, 79, 58]
[85, 74, 73, 72, 59]
[73, 72, 72, 74, 60]
[71, 75, 88, 85, 61]
[79, 87, 84, 81, 62]
[89, 87, 86, 74, 63]
[85, 77, 84, 85, 64]
[79, 88, 81, 71, 65]
[78, 79, 80, 83, 66]
[89, 73, 88, 87, 67]
[80, 71, 76, 84, 68]
[83, 76, 89, 72, 69]
[89, 81, 74, 84, 70]
[73, 71, 83, 78, 30]
[75, 78, 80, 90, 31]
[81, 76, 74, 72, 32]
[89, 78, 71, 73, 33]
[74, 74, 72, 77, 34]
[84, 75, 76, 85, 35]
[87, 78, 78, 75, 36]
[76, 89, 86, 87, 37]
[72, 83, 71, 77, 38]
[79, 74, 81, 74, 39]
[71, 88, 83, 83, 40]
[89, 73, 74, 88, 41]
[72, 86, 74, 71, 42]
[89, 76, 75, 71, 43]
[76, 77, 78, 84, 44]
[83, 82, 87, 74, 45]
[74, 72, 73, 81, 46]
[81, 89, 75, 82, 47]
[83, 78, 74, 74, 48]
[79, 73, 72, 85, 49]
[81, 87, 79, 84, 50]
[84, 87, 83, 86, 51]
[88, 84, 89, 76, 52]
[90, 83, 77, 71, 53]
[85, 80, 84, 73, 54]
[88, 85, 73, 89, 55]
[75, 84, 80, 74, 56]
[77, 85, 76, 76, 57]
[71, 83, 84, 74, 58]
[72, 89, 84, 82, 59]
[85, 82, 71, 80, 60]
[80, 83, 71, 79, 61]
[87, 75, 84, 87, 62]
[71, 88, 79, 82, 63]
[74, 72, 78, 79, 64]
[79, 79, 83, 76, 65]
[75, 79, 90, 73, 66]
[76, 75, 83, 75, 67]
[71, 79, 79, 81, 68]
[83, 88, 90, 79, 69]
[71, 72, 80, 71, 70]
[77, 81, 77, 80, 30]
[80, 72, 75, 90, 31]
[84, 79, 81, 81, 32]
[78, 73, 88, 86, 33]
[76, 71, 78, 80, 34]
[75, 86, 80, 76, 35]
[86, 72, 73, 74, 36]
[87, 71, 75, 84, 37]
[76, 84, 83, 79, 38]
[85, 77, 83, 90, 39]
[75, 81, 74, 85, 40]
[80, 82, 77, 84, 41]
[84, 86, 73, 81, 42]
[72, 71, 74, 77, 43]
[82, 75, 72, 72, 44]
[85, 80, 82, 83, 45]
[75, 90, 79, 84, 46]
[78, 88, 84, 80, 47]
[87, 84, 75, 78, 48]
[87, 73, 85, 73, 49]
[73, 79, 82, 78, 50]
[89, 90, 84, 72, 51]
[75, 86, 90, 79, 52]
[84, 71, 71, 79, 53]
[81, 80, 87, 88, 54]
[79, 72, 80, 82, 55]
[81, 80, 78, 71, 56]
[81, 83, 86, 78, 57]
[78, 86, 73, 81, 58]
[87, 73, 86, 76, 59]
[81, 71, 81, 82, 60]
[89, 76, 90, 87, 61]
[76, 74, 83, 81, 62]
[76, 72, 89, 84, 63]
[89, 76, 78, 79, 64]
[76, 88, 82, 77, 65]
[84, 72, 75, 81, 66]
[81, 90, 73, 90, 67]
[89, 71, 90, 85, 68]
[74, 74, 88, 86, 69]
[84, 75, 76, 88, 70]
[89, 85, 82, 84, 30]
[83, 72, 87, 79, 31]
[77, 81, 72, 71, 32]
[79, 80, 89, 77, 33]
[75, 79, 80, 88, 34]
[85, 72, 90, 89, 35]
[76, 75, 76, 83, 36]
[84, 88, 87, 76, 37]
[81, 74, 79, 76, 38]
[81, 79, 79, 86, 39]
[90, 75, 81, 71, 40]
[83, 78, 71, 85, 41]
[84, 75, 89, 82, 42]
[71, 80, 82, 81, 43]
[80, 80, 77, 73, 44]
[75, 72, 74, 77, 45]
[90, 87, 77, 80, 46]
[80, 79, 75, 84, 47]
[78, 74, 84, 80, 48]
[87, 84, 74, 89, 49]
[76, 87, 74, 73, 50]
[81, 84, 74, 87, 51]
[85, 80, 76, 83, 52]
[89, 86, 73, 80, 53]
[86, 82, 89, 71, 54]
[72, 81, 73, 71, 55]
[87, 85, 77, 89, 56]
[74, 73, 71, 76, 57]
[71, 86, 74, 74, 58]
[79, 90, 79, 80, 59]
[79, 87, 78, 82, 60]
[72, 78, 88, 85, 61]
[73, 78, 78, 74, 62]
[83, 71, 81, 75, 63]
[86, 77, 89, 76, 64]
[84, 87, 79, 82, 65]
[79, 72, 78, 81, 66]
[81, 83, 88, 84, 67]
[87, 73, 72, 82, 68]
[79, 90, 72, 74, 69]
[71, 75, 78, 71, 70]
[73, 90, 77, 77, 30]
[85, 75, 89, 82, 31]
[81, 74, 89, 84, 32]
[73, 76, 88, 86, 33]
[83, 74, 90, 84, 34]
[89, 74, 87, 86, 35]
[78, 72, 79, 74, 36]
[79, 90, 75, 84, 37]
[83, 82, 88, 75, 38]
[71, 84, 72, 79, 39]
[83, 78, 88, 72, 40]
[71, 86, 90, 88, 41]
[89, 90, 73, 78, 42]
[80, 85, 75, 79, 43]
[73, 75, 76, 71, 44]
[83, 81, 75, 84, 45]
[84, 80, 90, 71, 46]
[84, 87, 78, 78, 47]
[88, 73, 79, 77, 48]
[77, 74, 74, 87, 49]
[82, 72, 81, 83, 50]
[75, 89, 88, 76, 51]
[86, 71, 76, 82, 52]
[73, 79, 79, 82, 53]
[86, 74, 84, 88, 54]
[73, 82, 71, 89, 55]
[88, 74, 86, 80, 56]
[81, 83, 80, 85, 57]
[71, 71, 85, 78, 58]
[83, 75, 88, 83, 59]
[88, 78, 78, 80, 60]
[74, 86, 74, 86, 61]
[87, 83, 77, 89, 62]
[76, 88, 90, 83, 63]
[90, 81, 83, 72, 64]
[90, 87, 73, 81, 65]
[74, 78, 74, 79, 66]
[73, 88, 79, 78, 67]
[75, 81, 77, 82, 68]
[76, 79, 79, 90, 69]
[82, 78, 89, 79, 70]
[89, 77, 83, 80, 30]
[75, 82, 73, 75, 31]
[71, 86, 77, 77, 32]
[72, 74, 77, 72, 33]
[82, 73, 82, 78, 34]
[87, 82, 73, 83, 35]
[82, 88, 71, 82, 36]
[71, 86, 74, 88, 37]
[84, 78, 75, 74, 38]
[85, 81, 86, 72, 39]
[90, 80, 75, 78, 40]
[81, 88, 87, 90, 41]
[71, 80, 84, 86, 42]
[71, 76, 88, 89, 43]
[85, 90, 90, 83, 44]
[75, 84, 78, 77, 45]
[74, 75, 74, 86, 46]
[86, 89, 85, 71, 47]
[75, 71, 75, 74, 48]
[76, 86, 88, 73, 49]
[83, 79, 86, 88, 50]
[82, 83, 85, 73, 51]
[77, 73, 75, 83, 52]
[77, 90, 74, 79, 53]
[76, 79, 86, 76, 54]
[72, 82, 84, 84, 55]
[85, 72, 78, 83, 56]
[82, 75, 78, 81, 57]
[81, 72, 86, 73, 58]
[86, 84, 78, 82, 59]
[89, 81, 74, 74, 60]
[80, 81, 74, 84, 61]
[71, 87, 75, 87, 62]
[79, 75, 72, 88, 63]
[76, 82, 78, 80, 64]
[82, 83, 75, 78, 65]
[73, 78, 88, 72, 66]
[74, 71, 86, 87, 67]
[87, 71, 82, 84, 68]
[88, 86, 79, 87, 69]
[79, 73, 89, 81, 70]
