[80, 85, 83, 78, 30]
[87, 90, 77, 81, 31]
[87, 89, 82, 90, 32]
[85, 83, 77, 86, 33]
[88, 76, 89, 74, 34]
[76, 74, 86, 89, 35]
[86, 75, 72, 81, 36]
[74, 78, 72, 80, 37]
[89, 78, 87, 87, 38]
[78, 74, 88, 77, 39]
[71, 90, 87, 90, 40]
[77, 90, 84, 71, 41]
[83, 84, 86, 71, 42]
[82, 72, 81, 86, 43]
[90, 83, 74, 87, 44]
[76, 88, 88, 86, 45]
[74, 73, 88, 84, 46]
[78, 84, 88, 82, 47]
[79, 88, 73, 80, 48]
[90, 77, 81, 88, 49]
[90, 82, 90, 81, 50]
[79, 81, 82, 89, 51]
[74, 71, 76, 76, 52]
[90, 77, 76, 74, 53]
[72, 84, 79, 81, 54]
[74, 90, 90, 72, 55]
[81, 90, 87, 88, 56]
[72, 77, 73, 81, 57]
[89, 85, 90, 77, 58]
[85, 84, 81, 83, 59]
[79, 90, 84, 88, 60]
[86, 73, 76, 75, 61]
[87, 86, 75, 81, 62]
[87, 83, 75, 78, 63]
[79, 72, 78, 83, 64]
[87, 72, 82, 88, 65]
[86, 77, 82, 89, 66]
[86, 82, 85, 86, 67]
[77, 84, 85, 71, 68]
[78, 85, 79, 85, 69]
[83, 75, 72, 82, 70]
[88, 71, 75, 85, 30]
[76, 84, 76, 87, 31]
[82, 73, 74, 84, 32]
[89, 84, 75, 80, 33]
[78, 81, 74, 72, 34]
[79, 71, 78, 88, 35]
[74, 80, 74, 85, 36]
[90, 73, 76, 89, 37]
[90, 85, 87, 79, 38]
[83, 82, 72, 89, 39]
[85, 87, 75, 77, 40]
[81, 87, 81, 75, 41]
[75, 79, 87, 78, 42]
[83, 80, 71, 80, 43]
[85, 84, 75, 88, 44]
[88, 87, 89, 89, 45]
[75, 88, 79, 87, 46]
[86, 77, 85, 77, 47]
[83, 72, 76, 90, 48]
[89, 86, 71, 86, 49]
[89, 89, 75, 90, 50]
[76, 84, 73, 71, 51]
[79, 79, 88, 81, 52]
[80, 81, 71, 71, 53]
[85, 71, 84, 90, 54]
[80, 88, 76, 82, 55]
[71, 80, 74, 71, 56]
[76, 81, 75, 85, 57]
[77, 72, 88, 76, 58]
[71, 74, 71, 74, 59]
[84, 85, 76, 90, 60]
[72, 71, 90, 77, 61]
[74, 72, 73, 84, 62]
[84, 72, 82, 89, 63]
[85, 83, 73, 71, 64]
[88, 77, 79, 71, 65]
[87, 84, 86, 87, 66]
[72, 87, 72, 76, 67]
[83, 79, 89, 81, 68]
[76, 75, 83, 83, 69]
[77, 83, 74, 79, 70]
[71, 86, 82, 90, 30]
[77, 90, 71, 83, 31]
[80, 82, 74, 83, 32]
[85, 83, 72, 73, 33]
[83, 74, 90, 80, 34]
[77, 79, 81, 87, 35]
[73, 72, 75, 77, 36]
[83, 78, 79, 78, 37]
[73, 80, 87, 76, 38]
[80, 84, 81, 83, 39]
[75, 76, 84, 73, 40]
[78, 76, 89, 71, 41]
[84, 74, 85, 87, 42]
[71, 75, 71, 82, 43]
[84, 73, 78, 90, 44]
[80, 81, 79, 85, 45]
[78, 71, 73, 83, 46]
[72, 86, 82, 72, 47]
[89, 85, 76, 72, 48]
[89, 85, 87, 76, 49]
[85, 84, 74, 71, 50]
[78, 90, 82, 74, 51]
[72, 78, 89, 76, 52]
[82, 77, 71, 90, 53]
[75, 82, 76, 79, 54]
[84, 84, 74, 83, 55]
[88, 80, 82, 79, 56]
[83, 80, 81, 81, 57]
[73, 80, 90, 87, 58]
[73, 89, 78, 81, 59]
[89, 76, 73, 79, 60]
[84, 88, 76, 88, 61]
[76, 77, 81, 75, 62]
[84, 80, 84, 87, 63]
[88, 77, 77, 89, 64]
[90, 90, 86, 82, 65]
[84, 87, 84, 84, 66]
[73, 77, 90, 87, 67]
[77, 87, 90, 88, 68]
[78, 89, 80, 75, 69]
[86, 77, 77, 74, 70]
[82, 86, 85, 80, 30]
[75, 80, 71, 79, 31]
[76, 88, 71, 82, 32]
[71, 81, 74, 73, 33]
[83, 84, 76, 86, 34]
[83, 83, 79, 88, 35]
[80, 87, 89, 85, 36]
[83, 80, 87, 80, 37]
[88, 81, 90, 80, 38]
[76, 73, 80, 80, 39]
[80, 81, 80, 90, 40]
[81, 76, 80, 71, 41]
[80, 76, 75, 79, 42]
[88, 86, 72, 85, 43]
[78, 81, 90, 84, 44]
[74, 80, 85, 78, 45]
[71, 73, 86, 85, 46]
[80, 85, 81, 82, 47]
[75, 78, 71, 79, 48]
[86, 72, 89, 87, 49]
[83, 90, 73, 77, 50]
[90, 76, 74, 79, 51]
[87, 79, 80, 82, 52]
[78, 73, 81, 85, 53]
[76, 82, 82, 89, 54]
[86, 85, 77, 83, 55]
[85, 80, 71, 74, 56]
[84, 81, 73, 74, 57]
[90, 78, 84, 72, 58]
[79, 83, 87, 86, 59]
[89, 74, 84, 81, 60]
[73, 79, 89, 83, 61]
[85, 86, 89, 86, 62]
[88, 73, 78, 88, 63]
[84, 73, 73, 73, 64]
[86, 76, 81, 79, 65]
[86, 83, 83, 80, 66]
[87, 79, 87, 77, 67]
[77, 71, 88, 88, 68]
[77, 71, 87, 80, 69]
[72, 71, 86, 75, 70]
[78, 74, 81, 71, 30]
[84, 75, 82, 78, 31]
[84, 72, 84, 78, 32]
[88, 80, 89, 71, 33]
[75, 76, 80, 86, 34]
[81, 90, 75, 73, 35]
[72, 78, 82, 79, 36]
[77, 73, 82, 81, 37]
[87, 88, 89, 77, 38]
[83, 74, 76, 72, 39]
[82, 77, 88, 87, 40]
[71, 90, 88, 74, 41]
[74, 90, 75, 80, 42]
[82, 72, 79, 80, 43]
[87, 72, 80, 74, 44]
[88, 86, 82, 75, 45]
[80, 83, 72, 80, 46]
[83, 77, 75, 75, 47]
[82, 88, 88, 90, 48]
[84, 77, 85, 84, 49]
[90, 86, 71, 74, 50]
[89, 90, 72, 71, 51]
[74, 89, 88, 86, 52]
[72, 73, 84, 77, 53]
[84, 90, 89, 87, 54]
[74, 90, 81, 80, 55]
[90, 78, 81, 86, 56]
[81, 73, 89, 88, 57]
[78, 78, 89, 75, 58]
[90, 74, 79, 85, 59]
[75, 80, 86, 73, 60]
[85, 88, 84, 73, 61]
[88, 86, 90, 76, 62]
[74, 88, 81, 84, 63]
[71, 72, 90, 71, 64]
[87, 74, 80, 77, 65]
[75, 86, 82, 73, 66]
[89, 73, 78, 72, 67]
[75, 87, 89, 73, 68]
[71, 71, 73, 87, 69]
[80, 85, 80, 72, 70]
[90, 72, 82, 80, 30]
[86, 77, 88, 84, 31]
[90, 74, 85, 74, 32]
[81, 82, 82, 85, 33]
[89, 80, 89, 83, 34]
[84, 85, 83, 84, 35]
[77, 85, 76, 88, 36]
[79, 82, 75, 90, 37]
[85, 76, 89, 84, 38]
[90, 76, 77, 73, 39]
[85, 77, 76, 84, 40]
[75, 85, 83, 80, 41]
[78, 85, 88, 87, 42]
[71, 79, 75, 71, 43]
[81, 78, 89, 83, 44]
[74, 79, 88, 71, 45]
[78, 77, 84, 74, 46]
[78, 86, 75, 84, 47]
[89, 74, 85, 74, 48]
[82, 90, 85, 80, 49]
[82, 79, 76, 82, 50]
[86, 75, 88, 83, 51]
[76, 89, 82, 82, 52]
[79, 81, 75, 77, 53]
[90, 80, 85, 87, 54]
[90, 76, 75, 73, 55]
[84, 87, 86, 80, 56]
[71, 72, 77, 88, 57]
[86, 73, 82, 75, 58]
[74, 81, 90, 76, 59]
[78, 87, 76, 80, 60]
[83, 86, 89, 87, 61]
[77, 82, 85, 73, 62]
[72, 87, 82, 71, 63]
[87, 90, 83, 78, 64]
[80, 77, 89, 73, 65]
[73, 82, 73, 75, 66]
[82, 77, 82, 89, 67]
[73, 71, 88, 84, 68]
[89, 73, 79, 80, 69]
[76, 80, 84, 82, 70]
[78, 77, 78, 76, 30]
[84, 79, 76, 72, 31]
[88, 78, 73, 82, 32]
[76, 90, 81, 76, 33]
[75, 85, 86, 82, 34]
[71, 82, 79, 77, 35]
[73, 71, 84, 83, 36]
[71, 75, 88, 77, 37]
[84, 87, 82, 89, 38]
[84, 77, 90, 80, 39]
[83, 78, 85, 73, 40]
[84, 90, 77, 71, 41]
[83, 87, 87, 74, 42]
[82, 88, 90, 88, 43]
[72, 81, 89, 90, 44]
[75, 88, 84, 71, 45]
[85, 72, 88, 71, 46]
[79, 72, 73, 80, 47]
[80, 85, 84, 80, 48]
[87, 84, 84, 75, 49]
[78, 83, 71, 72, 50]
[73, 88, 87, 90, 51]
[82, 76, 84, 88, 52]
[79, 90, 79, 89, 53]
[76, 75, 77, 73, 54]
[79, 73, 88, 73, 55]
[82, 84, 78, 80, 56]
[86, 84, 71, 86, 57]
[89, 89, 71, 85, 58]
[74, 77, 80, 75, 59]
[76, 86, 81, 82, 60]
[82, 86, 78, 88, 61]
[83, 75, 77, 80, 62]
[89, 83, 89, 82, 63]
[78, 79, 77, 73, 64]
[81, 88, 76, 75, 65]
[84, 81, 78, 84, 66]
[84, 77, 72, 80, 67]
[89, 88, 79, 75, 68]
[85, 75, 77, 82, 69]
[84, 81, 81, 90, 70]
[77, 90, 79, 84, 30]
[84, 78, 81, 89, 31]
[88, 82, 85, 79, 32]
[84, 71, 72, 73, 33]
[84, 82, 80, 85, 34]
[83, 87, 85, 80, 35]
[83, 72, 90, 79, 36]
[90, 72, 86, 75, 37]
[88, 77, 88, 78, 38]
[83, 84, 75, 87, 39]
[77, 87, 77, 71, 40]
[72, 85, 90, 76, 41]
[79, 90, 90, 77, 42]
[83, 81, 72, 87, 43]
[78, 81, 82, 82, 44]
[77, 82, 80, 85, 45]
[76, 83, 86, 81, 46]
[85, 88, 83, 78, 47]
[86, 87, 73, 75, 48]
[79, 83, 82, 88, 49]
[77, 89, 81, 72, 50]
[85, 84, 84, 86, 51]
[87, 84, 79, 77, 52]
[85, 83, 79, 73, 53]
[76, 87, 90, 74, 54]
[74, 83, 75, 88, 55]
[81, 74, 79, 88, 56]
[76, 85, 90, 72, 57]
[75, 75, 72, 73, 58]
[73, 81, 74, 86, 59]
[82, 90, 74, 79, 60]
[83, 88, 77, 89, 61]
[86, 84, 87, 83, 62]
[89, 89, 81, 85, 63]
[74, 77, 82, 85, 64]
[85, 85, 90, 87, 65]
[86, 81, 88, 84, 66]
[89, 75, 87, 71, 67]
[79, 89, 88, 90, 68]
[85, 82, 86, 89, 69]
[83, 81, 78, 80, 70]
[79, 87, 74, 74, 30]
[83, 86, 77, 82, 31]
[84, 83, 82, 79, 32]
[81, 72, 77, 71, 33]
[90, 72, 77, 81, 34]
[75, 76, 74, 84, 35]
[79, 89, 71, 83, 36]
[80, 86, 78, 80, 37]
[82, 74, 73, 82, 38]
[79, 73, 77, 86, 39]
[82, 72, 71, 85, 40]
[71, 86, 77, 76, 41]
[85, 87, 85, 72, 42]
[75, 77, 89, 89, 43]
[82, 78, 88, 84, 44]
[83, 88, 88, 74, 45]
[79, 85, 80, 85, 46]
[80, 88, 78, 75, 47]
[82, 80, 85, 75, 48]
[89, 85, 87, 80, 49]
[75, 90, 86, 90, 50]
[72, 80, 73, 79, 51]
[81, 78, 90, 87, 52]
[81, 73, 71, 87, 53]
[80, 71, 73, 87, 54]
[83, 79, 74, 85, 55]
[77, 83, 87, 78, 56]
[86, 89, 87, 87, 57]
[73, 78, 86, 76, 58]
[73, 76, 79, 84, 59]
[74, 87, 74, 77, 60]
[83, 86, 84, 75, 61]
[82, 82, 76, 80, 62]
[88, 88, 74, 77, 63]
[77, 83, 85, 75, 64]
[81, 81, 89, 78, 65]
[83, 84, 76, 73, 66]
[80, 83, 84, 90, 67]
[81, 71, 78, 85, 68]
[89, 87, 77, 83, 69]
[82, 74, 73, 74, 70]
[74, 75, 81, 90, 30]
[74, 84, 90, 86, 31]
[79, 76, 73, 86, 32]
[73, 84, 82, 82, 33]
[86, 72, 72, 72, 34]
[79, 84, 78, 78, 35]
[88, 79, 82, 81, 36]
[89, 72, 88, 81, 37]
[77, 72, 72, 87, 38]
[76, 83, 85, 79, 39]
[83, 81, 83, 87, 40]
[84, 87, 71, 87, 41]
[78, 85, 84, 80, 42]
[89, 71, 85, 75, 43]
[78, 81, 85, 89, 44]
[79, 79, 82, 86, 45]
[87, 84, 78, 84, 46]
[71, 74, 81, 84, 47]
[87, 79, 76, 88, 48]
[78, 71, 78, 72, 49]
[86, 74, 71, 83, 50]
[71, 75, 90, 79, 51]
[78, 87, 90, 84, 52]
[85, 90, 76, 71, 53]
[72, 81, 78, 78, 54]
[78, 86, 72, 76, 55]
[72, 75, 82, 76, 56]
[74, 87, 90, 73, 57]
[83, 78, 71, 89, 58]
[86, 81, 74, 74, 59]
[75, 79, 78, 76, 60]
[90, 74, 85, 79, 61]
[71, 85, 86, 83, 62]
[78, 71, 77, 73, 63]
[76, 76, 81, 75, 64]
[89, 82, 89, 88, 65]
[77, 88, 90, 82, 66]
[72, 75, 87, 76, 67]
[81, 80, 90, 82, 68]
[88, 75, 86, 83, 69]
[71, 89, 86, 77, 70]
