[10, 21, 13, 21, 30]
[16, 19, 22, 13, 31]
[25, 27, 20, 28, 32]
[20, 22, 14, 13, 33]
[12, 11, 28, 23, 34]
[24, 28, 21, 10, 35]
[25, 26, 18, 21, 36]
[26, 27, 25, 18, 37]
[22, 19, 27, 21, 38]
[20, 25, 10, 24, 39]
[21, 16, 28, 18, 40]
[12, 11, 26, 10, 41]
[10, 26, 20, 23, 42]
[22, 15, 18, 28, 43]
[25, 27, 16, 21, 44]
[20, 22, 19, 13, 45]
[22, 14, 25, 11, 46]
[28, 10, 16, 11, 47]
[11, 25, 12, 18, 48]
[14, 27, 16, 25, 49]
[18, 14, 11, 26, 50]
[27, 25, 23, 20, 51]
[17, 29, 23, 22, 52]
[25, 13, 18, 28, 53]
[24, 29, 11, 18, 54]
[10, 24, 23, 10, 55]
[18, 26, 28, 22, 56]
[10, 23, 23, 24, 57]
[10, 13, 27, 10, 58]
[12, 26, 29, 13, 59]
[14, 20, 29, 17, 60]
[10, 18, 18, 21, 61]
[11, 27, 25, 13, 62]
[26, 17, 27, 12, 63]
[14, 22, 11, 20, 64]
[17, 23, 28, 10, 65]
[21, 15, 14, 24, 66]
[27, 14, 16, 10, 67]
[24, 20, 21, 11, 68]
[22, 23, 13, 15, 69]
[21, 24, 21, 28, 70]
[20, 26, 10, 16, 30]
[12, 22, 25, 24, 31]
[20, 24, 12, 20, 32]
[13, 15, 27, 15, 33]
[20, 10, 15, 18, 34]
[20, 22, 17, 12, 35]
[13, 12, 10, 23, 36]
[29, 24, 15, 16, 37]
[28, 23, 24, 15, 38]
[12, 16, 28, 24, 39]
[20, 22, 12, 19, 40]
[14, 19, 23, 26, 41]
[25, 10, 27, 26, 42]
[17, 26, 22, 21, 43]
[27, 25, 16, 26, 44]
[25, 15, 25, 21, 45]
[17, 11, 11, 15, 46]
[13, 17, 24, 20, 47]
[19, 13, 25, 28, 48]
[20, 21, 25, 26, 49]
[25, 24, 18, 29, 50]
[12, 29, 23, 19, 51]
[11, 21, 19, 23, 52]
[14, 15, 20, 18, 53]
[25, 16, 26, 25, 54]
[18, 17, 20, 20, 55]
[11, 20, 12, 12, 56]
[18, 12, 26, 12, 57]
[20, 26, 26, 12, 58]
[12, 20, 11, 22, 59]
[17, 20, 13, 20, 60]
[12, 22, 22, 24, 61]
[17, 20, 14, 10, 62]
[22, 10, 25, 22, 63]
[18, 11, 10, 24, 64]
[23, 17, 14, 24, 65]
[24, 17, 18, 17, 66]
[12, 21, 13, 11, 67]
[12, 28, 26, 12, 68]
[24, 23, 21, 27, 69]
[23, 23, 29, 25, 70]
[23, 20, 16, 23, 30]
[23, 11, 18, 26, 31]
[12, 18, 26, 15, 32]
[29, 19, 13, 23, 33]
[20, 18, 27, 18, 34]
[13, 28, 11, 14, 35]
[24, 25, 26, 15, 36]
[13, 29, 13, 18, 37]
[10, 12, 24, 11, 38]
[28, 24, 23, 14, 39]
[11, 20, 19, 15, 40]
[26, 23, 22, 21, 41]
[27, 23, 10, 14, 42]
[17, 17, 23, 20, 43]
[18, 14, 27, 14, 44]
[16, 16, 22, 12, 45]
[20, 14, 28, 11, 46]
[24, 21, 11, 26, 47]
[29, 12, 23, 20, 48]
[11, 26, 12, 14, 49]
[21, 12, 18, 26, 50]
[13, 10, 20, 25, 51]
[15, 16, 25, 10, 52]
[14, 29, 15, 15, 53]
[22, 20, 20, 27, 54]
[24, 14, 23, 19, 55]
[21, 17, 26, 18, 56]
[28, 15, 11, 20, 57]
[24, 14, 15, 23, 58]
[24, 17, 12, 24, 59]
[17, 22, 11, 22, 60]
[25, 29, 14, 29, 61]
[29, 22, 28, 21, 62]
[10, 23, 14, 19, 63]
[25, 25, 29, 23, 64]
[11, 16, 21, 20, 65]
[12, 24, 11, 13, 66]
[16, 25, 10, 24, 67]
[21, 19, 17, 19, 68]
[25, 13, 23, 19, 69]
[10, 28, 28, 24, 70]
[14, 10, 19, 22, 30]
[21, 18, 14, 20, 31]
[18, 26, 13, 23, 32]
[10, 27, 16, 16, 33]
[17, 29, 15, 12, 34]
[12, 25, 18, 22, 35]
[17, 16, 12, 23, 36]
[28, 29, 25, 24, 37]
[27, 11, 22, 11, 38]
[21, 17, 16, 16, 39]
[23, 19, 17, 16, 40]
[23, 22, 14, 20, 41]
[11, 22, 21, 27, 42]
[10, 13, 23, 11, 43]
[15, 14, 11, 15, 44]
[10, 18, 12, 25, 45]
[24, 26, 28, 21, 46]
[27, 11, 15, 10, 47]
[10, 11, 28, 26, 48]
[15, 11, 15, 19, 49]
[10, 10, 13, 28, 50]
[16, 12, 11, 19, 51]
[20, 21, 25, 13, 52]
[10, 28, 10, 21, 53]
[26, 21, 14, 23, 54]
[21, 24, 25, 28, 55]
[20, 27, 24, 14, 56]
[27, 14, 10, 20, 57]
[17, 11, 25, 29, 58]
[21, 16, 10, 13, 59]
[19, 24, 25, 14, 60]
[13, 23, 23, 19, 61]
[21, 10, 17, 17, 62]
[23, 23, 20, 14, 63]
[27, 29, 14, 11, 64]
[11, 24, 16, 17, 65]
[14, 18, 13, 29, 66]
[12, 10, 17, 24, 67]
[12, 25, 19, 28, 68]
[13, 13, 26, 19, 69]
[22, 28, 13, 20, 70]
[15, 10, 19, 12, 30]
[17, 12, 11, 14, 31]
[27, 16, 19, 22, 32]
[25, 15, 21, 29, 33]
[23, 29, 22, 20, 34]
[21, 23, 26, 20, 35]
[10, 19, 13, 22, 36]
[24, 26, 13, 12, 37]
[24, 28, 24, 27, 38]
[15, 26, 28, 28, 39]
[16, 19, 22, 16, 40]
[29, 13, 27, 23, 41]
[18, 15, 19, 11, 42]
[19, 22, 29, 19, 43]
[25, 27, 13, 14, 44]
[17, 12, 11, 24, 45]
[21, 13, 26, 16, 46]
[10, 19, 18, 28, 47]
[19, 20, 29, 17, 48]
[17, 11, 12, 13, 49]
[18, 26, 25, 16, 50]
[20, 28, 29, 26, 51]
[28, 10, 16, 29, 52]
[23, 25, 18, 12, 53]
[12, 26, 16, 14, 54]
[29, 17, 26, 25, 55]
[16, 27, 13, 17, 56]
[11, 28, 25, 15, 57]
[22, 12, 23, 10, 58]
[20, 15, 16, 18, 59]
[29, 16, 23, 29, 60]
[16, 14, 11, 16, 61]
[13, 10, 29, 23, 62]
[18, 24, 15, 22, 63]
[17, 19, 28, 19, 64]
[29, 23, 11, 11, 65]
[26, 18, 17, 21, 66]
[17, 22, 10, 21, 67]
[22, 25, 18, 23, 68]
[15, 27, 12, 11, 69]
[23, 12, 28, 15, 70]
[18, 23, 21, 28, 30]
[13, 21, 17, 26, 31]
[17, 13, 18, 17, 32]
[29, 17, 19, 21, 33]
[14, 23, 25, 19, 34]
[19, 20, 28, 16, 35]
[24, 22, 25, 21, 36]
[18, 20, 28, 24, 37]
[25, 19, 25, 27, 38]
[11, 13, 22, 16, 39]
[29, 22, 28, 11, 40]
[26, 23, 24, 11, 41]
[22, 28, 19, 20, 42]
[14, 25, 18, 12, 43]
[15, 29, 19, 24, 44]
[16, 20, 13, 27, 45]
[13, 21, 27, 17, 46]
[20, 21, 19, 10, 47]
[19, 12, 17, 28, 48]
[11, 25, 16, 11, 49]
[17, 14, 16, 21, 50]
[19, 16, 11, 29, 51]
[26, 26, 29, 24, 52]
[25, 29, 10, 17, 53]
[26, 18, 28, 15, 54]
[21, 14, 18, 15, 55]
[15, 11, 18, 11, 56]
[15, 22, 11, 29, 57]
[10, 27, 21, 22, 58]
[20, 21, 11, 29, 59]
[26, 25, 21, 19, 60]
[23, 20, 15, 14, 61]
[19, 12, 22, 23, 62]
[12, 22, 20, 20, 63]
[23, 26, 20, 10, 64]
[25, 10, 29, 17, 65]
[15, 27, 22, 25, 66]
[17, 14, 19, 28, 67]
[10, 24, 12, 21, 68]
[24, 27, 11, 11, 69]
[28, 10, 21, 21, 70]
[21, 19, 10, 14, 30]
[16, 24, 28, 16, 31]
[15, 24, 23, 29, 32]
[27, 28, 23, 23, 33]
[27, 27, 22, 13, 34]
[16, 19, 18, 12, 35]
[10, 14, 12, 27, 36]
[19, 20, 22, 22, 37]
[28, 11, 23, 11, 38]
[26, 25, 29, 29, 39]
[20, 11, 10, 16, 40]
[13, 18, 18, 28, 41]
[16, 28, 27, 16, 42]
[24, 20, 14, 11, 43]
[12, 25, 18, 13, 44]
[16, 10, 18, 16, 45]
[13, 28, 24, 22, 46]
[28, 10, 17, 26, 47]
[17, 22, 17, 20, 48]
[11, 16, 12, 20, 49]
[10, 29, 10, 16, 50]
[17, 24, 28, 27, 51]
[28, 12, 10, 26, 52]
[13, 28, 25, 15, 53]
[15, 16, 12, 19, 54]
[19, 22, 14, 16, 55]
[26, 21, 28, 29, 56]
[26, 28, 12, 26, 57]
[10, 29, 26, 22, 58]
[20, 16, 20, 11, 59]
[21, 10, 24, 28, 60]
[24, 17, 25, 19, 61]
[21, 19, 17, 21, 62]
[21, 15, 24, 18, 63]
[17, 11, 29, 25, 64]
[15, 16, 25, 17, 65]
[21, 10, 12, 15, 66]
[29, 21, 25, 11, 67]
[16, 13, 10, 27, 68]
[22, 20, 18, 24, 69]
[29, 24, 29, 19, 70]
[21, 25, 16, 12, 30]
[10, 22, 18, 16, 31]
[16, 23, 27, 26, 32]
[18, 25, 10, 25, 33]
[27, 21, 14, 24, 34]
[29, 14, 16, 27, 35]
[11, 21, 12, 27, 36]
[26, 13, 21, 11, 37]
[13, 16, 20, 13, 38]
[27, 10, 14, 10, 39]
[11, 28, 14, 13, 40]
[18, 24, 15, 24, 41]
[22, 24, 17, 22, 42]
[27, 14, 15, 24, 43]
[24, 10, 15, 26, 44]
[24, 17, 15, 10, 45]
[20, 14, 22, 16, 46]
[19, 25, 19, 27, 47]
[27, 14, 16, 20, 48]
[21, 21, 29, 20, 49]
[28, 15, 29, 27, 50]
[24, 22, 21, 28, 51]
[18, 23, 24, 26, 52]
[10, 12, 21, 27, 53]
[13, 22, 29, 27, 54]
[23, 23, 23, 29, 55]
[20, 11, 21, 12, 56]
[23, 13, 20, 11, 57]
[16, 11, 27, 29, 58]
[21, 21, 19, 25, 59]
[14, 10, 28, 20, 60]
[25, 20, 27, 17, 61]
[23, 23, 20, 18, 62]
[29, 14, 19, 17, 63]
[20, 29, 20, 16, 64]
[19, 22, 10, 11, 65]
[15, 29, 11, 24, 66]
[16, 23, 26, 10, 67]
[22, 24, 14, 25, 68]
[16, 29, 14, 10, 69]
[11, 21, 17, 14, 70]
[28, 20, 24, 10, 30]
[19, 14, 22, 15, 31]
[14, 25, 22, 12, 32]
[26, 18, 20, 27, 33]
[17, 15, 17, 11, 34]
[27, 24, 29, 14, 35]
[19, 14, 28, 20, 36]
[22, 18, 26, 14, 37]
[24, 25, 26, 24, 38]
[26, 14, 22, 27, 39]
[17, 26, 22, 27, 40]
[17, 18, 22, 21, 41]
[22, 27, 27, 13, 42]
[23, 29, 29, 10, 43]
[23, 21, 20, 12, 44]
[12, 16, 25, 16, 45]
[13, 12, 26, 29, 46]
[27, 29, 25, 17, 47]
[17, 28, 18, 23, 48]
[26, 28, 25, 27, 49]
[12, 22, 17, 26, 50]
[26, 21, 15, 23, 51]
[10, 24, 20, 15, 52]
[25, 23, 22, 15, 53]
[20, 21, 21, 15, 54]
[15, 19, 10, 23, 55]
[17, 26, 20, 16, 56]
[24, 20, 12, 28, 57]
[11, 25, 13, 11, 58]
[15, 27, 22, 20, 59]
[27, 13, 10, 26, 60]
[28, 28, 12, 15, 61]
[18, 27, 25, 12, 62]
[16, 20, 14, 20, 63]
[23, 11, 18, 11, 64]
[27, 15, 21, 10, 65]
[10, 13, 15, 12, 66]
[19, 17, 21, 28, 67]
[24, 25, 18, 23, 68]
[18, 28, 14, 21, 69]
[24, 18, 27, 20, 70]
[13, 10, 21, 18, 30]
[19, 25, 12, 12, 31]
[10, 14, 17, 20, 32]
[21, 26, 16, 21, 33]
[12, 15, 13, 15, 34]
[27, 15, 23, 27, 35]
[24, 18, 24, 28, 36]
[17, 21, 22, 14, 37]
[25, 14, 12, 28, 38]
[12, 19, 14, 19, 39]
[11, 17, 16, 23, 40]
[15, 21, 10, 28, 41]
[15, 28, 16, 25, 42]
[25, 18, 20, 24, 43]
[18, 25, 13, 15, 44]
[20, 23, 26, 16, 45]
[29, 17, 28, 24, 46]
[29, 12, 14, 23, 47]
[14, 15, 17, 12, 48]
[18, 15, 19, 23, 49]
[26, 25, 18, 22, 50]
[11, 13, 16, 14, 51]
[14, 24, 19, 11, 52]
[23, 25, 29, 22, 53]
[10, 13, 15, 12, 54]
[29, 15, 12, 23, 55]
[16, 14, 26, 23, 56]
[28, 27, 19, 17, 57]
[24, 13, 13, 12, 58]
[20, 16, 10, 29, 59]
[10, 10, 28, 16, 60]
[27, 12, 15, 25, 61]
[20, 24, 10, 23, 62]
[15, 21, 10, 10, 63]
[29, 17, 27, 20, 64]
[21, 23, 19, 17, 65]
[14, 22, 11, 18, 66]
[19, 16, 11, 20, 67]
[21, 16, 10, 22, 68]
[20, 24, 21, 26, 69]
[25, 11, 13, 24, 70]
