[75, 85, 73, 76, 30]
[72, 81, 74, 87, 31]
[79, 87, 80, 88, 32]
[75, 88, 77, 80, 33]
[73, 76, 90, 78, 34]
[89, 77, 90, 88, 35]
[89, 77, 82, 74, 36]
[77, 71, 82, 85, 37]
[85, 85, 83, 74, 38]
[77, 75, 82, 90, 39]
[78, 88, 90, 90, 40]
[79, 76, 89, 81, 41]
[75, 81, 87, 73, 42]
[71, 85, 89, 73, 43]
[90, 79, 73, 89, 44]
[75, 84, 90, 81, 45]
[75, 77, 77, 90, 46]
[82, 73, 82, 82, 47]
[75, 82, 84, 73, 48]
[80, 89, 89, 72, 49]
[79, 74, 76, 77, 50]
[75, 81, 85, 84, 51]
[87, 79, 86, 88, 52]
[90, 80, 72, 80, 53]
[78, 71, 74, 87, 54]
[79, 78, 85, 89, 55]
[87, 85, 78, 71, 56]
[81, 79, 78, 73, 57]
[88, 81, 89, 80, 58]
[83, 82, 84, 83, 59]
[71, 89, 84, 86, 60]
[89, 76, 80, 78, 61]
[83, 71, 87, 78, 62]
[83, 73, 79, 89, 63]
[87, 82, 74, 76, 64]
[86, 86, 83, 83, 65]
[87, 77, 84, 73, 66]
[86, 77, 86, 88, 67]
[72, 85, 89, 74, 68]
[79, 90, 90, 76, 69]
[71, 76, 71, 85, 70]
[86, 79, 89, 73, 30]
[80, 90, 80, 86, 31]
[77, 88, 82, 83, 32]
[89, 86, 78, 81, 33]
[71, 89, 80, 75, 34]
[71, 89, 82, 73, 35]
[75, 77, 81, 80, 36]
[79, 88, 85, 83, 37]
[90, 75, 81, 71, 38]
[80, 86, 86, 84, 39]
[88, 76, 84, 80, 40]
[88, 89, 72, 76, 41]
[72, 74, 79, 75, 42]
[77, 81, 76, 78, 43]
[84, 85, 88, 90, 44]
[88, 77, 82, 86, 45]
[90, 73, 74, 90, 46]
[81, 74, 77, 78, 47]
[73, 73, 76, 89, 48]
[74, 89, 79, 90, 49]
[84, 74, 79, 73, 50]
[71, 87, 83, 88, 51]
[80, 79, 77, 83, 52]
[85, 76, 86, 78, 53]
[88, 88, 84, 88, 54]
[76, 89, 78, 83, 55]
[79, 88, 72, 88, 56]
[84, 72, 72, 73, 57]
[72, 78, 82, 86, 58]
[79, 89, 85, 77, 59]
[80, 72, 72, 87, 60]
[87, 79, 90, 79, 61]
[81, 76, 87, 71, 62]
[83, 77, 88, 80, 63]
[85, 84, 73, 88, 64]
[88, 73, 86, 74, 65]
[84, 86, 83, 71, 66]
[80, 87, 78, 85, 67]
[80, 73, 79, 74, 68]
[89, 73, 72, 86, 69]
[76, 88, 89, 76, 70]
[89, 88, 81, 81, 30]
[84, 75, 71, 88, 31]
[72, 85, 87, 84, 32]
[85, 74, 80, 88, 33]
[81, 80, 83, 85, 34]
[74, 88, 74, 82, 35]
[87, 75, 71, 73, 36]
[82, 79, 80, 80, 37]
[71, 89, 76, 88, 38]
[73, 77, 75, 77, 39]
[90, 71, 88, 72, 40]
[71, 86, 80, 76, 41]
[77, 71, 82, 71, 42]
[78, 84, 72, 80, 43]
[84, 84, 72, 76, 44]
[82, 88, 74, 82, 45]
[80, 85, 72, 80, 46]
[79, 73, 78, 75, 47]
[82, 85, 79, 72, 48]
[73, 81, 89, 83, 49]
[74, 79, 77, 84, 50]
[77, 87, 78, 81, 51]
[86, 77, 76, 85, 52]
[75, 88, 85, 82, 53]
[74, 71, 84, 87, 54]
[88, 77, 83, 84, 55]
[88, 82, 89, 90, 56]
[74, 83, 79, 86, 57]
[87, 86, 72, 89, 58]
[78, 87, 79, 87, 59]
[75, 79, 89, 74, 60]
[71, 87, 80, 79, 61]
[71, 82, 90, 73, 62]
[72, 90, 80, 89, 63]
[71, 75, 71, 75, 64]
[77, 84, 85, 82, 65]
[72, 77, 77, 75, 66]
[79, 88, 73, 77, 67]
[75, 85, 89, 87, 68]
[71, 79, 78, 72, 69]
[88, 74, 72, 72, 70]
[89, 75, 78, 77, 30]
[79, 85, 73, 86, 31]
[83, 88, 71, 88, 32]
[73, 87, 78, 81, 33]
[73, 75, 84, 84, 34]
[80, 86, 79, 76, 35]
[88, 77, 77, 81, 36]
[86, 88, 90, 77, 37]
[84, 72, 81, 86, 38]
[75, 85, 78, 89, 39]
[71, 88, 81, 80, 40]
[77, 86, 84, 75, 41]
[89, 79, 74, 72, 42]
[87, 82, 72, 82, 43]
[77, 73, 75, 80, 44]
[82, 89, 83, 72, 45]
[79, 89, 83, 84, 46]
[84, 78, 84, 80, 47]
[73, 76, 84, 84, 48]
[77, 73, 89, 81, 49]
[89, 88, 74, 78, 50]
[88, 73, 83, 90, 51]
[89, 79, 84, 79, 52]
[71, 86, 73, 84, 53]
[85, 89, 86, 76, 54]
[75, 90, 82, 88, 55]
[83, 88, 77, 76, 56]
[77, 78, 71, 80, 57]
[82, 90, 90, 90, 58]
[82, 76, 74, 72, 59]
[73, 81, 75, 90, 60]
[80, 78, 71, 80, 61]
[90, 78, 78, 77, 62]
[72, 72, 75, 89, 63]
[73, 88, 85, 86, 64]
[83, 78, 82, 85, 65]
[86, 88, 84, 88, 66]
[73, 84, 74, 80, 67]
[86, 90, 87, 71, 68]
[72, 71, 79, 82, 69]
[82, 77, 83, 79, 70]
[79, 81, 85, 78, 30]
[72, 75, 88, 72, 31]
[83, 77, 78, 76, 32]
[84, 73, 79, 84, 33]
[76, 73, 73, 82, 34]
[77, 84, 81, 89, 35]
[75, 84, 89, 90, 36]
[71, 74, 85, 84, 37]
[73, 75, 71, 86, 38]
[73, 86, 84, 72, 39]
[74, 76, 86, 73, 40]
[78, 84, 71, 84, 41]
[78, 87, 83, 82, 42]
[82, 75, 76, 75, 43]
[89, 77, 87, 78, 44]
[76, 82, 79, 82, 45]
[89, 83, 78, 78, 46]
[86, 76, 84, 88, 47]
[73, 90, 88, 73, 48]
[84, 85, 81, 79, 49]
[81, 83, 89, 84, 50]
[88, 76, 82, 80, 51]
[79, 85, 72, 76, 52]
[80, 72, 81, 90, 53]
[90, 75, 78, 77, 54]
[88, 76, 88, 85, 55]
[83, 85, 74, 83, 56]
[77, 77, 74, 76, 57]
[78, 88, 87, 77, 58]
[73, 75, 90, 83, 59]
[88, 79, 83, 83, 60]
[73, 77, 80, 86, 61]
[83, 87, 83, 79, 62]
[78, 73, 88, 75, 63]
[75, 90, 81, 79, 64]
[73, 85, 71, 75, 65]
[89, 81, 83, 79, 66]
[85, 86, 81, 77, 67]
[87, 84, 73, 83, 68]
[76, 76, 82, 78, 69]
[86, 80, 83, 72, 70]
[71, 77, 83, 80, 30]
[73, 87, 77, 86, 31]
[84, 90, 73, 77, 32]
[82, 72, 82, 80, 33]
[88, 83, 90, 79, 34]
[71, 82, 86, 86, 35]
[77, 79, 90, 75, 36]
[74, 84, 74, 89, 37]
[81, 81, 73, 85, 38]
[88, 73, 74, 74, 39]
[82, 80, 73, 85, 40]
[87, 84, 74, 85, 41]
[76, 86, 78, 71, 42]
[74, 88, 75, 79, 43]
[85, 78, 88, 79, 44]
[79, 79, 77, 85, 45]
[77, 71, 82, 76, 46]
[88, 75, 82, 86, 47]
[73, 74, 87, 87, 48]
[80, 83, 81, 85, 49]
[87, 86, 85, 87, 50]
[77, 75, 72, 74, 51]
[74, 86, 90, 80, 52]
[71, 84, 88, 77, 53]
[76, 88, 78, 87, 54]
[83, 88, 76, 86, 55]
[83, 74, 83, 90, 56]
[79, 79, 80, 83, 57]
[80, 75, 79, 73, 58]
[90, 77, 83, 74, 59]
[75, 86, 71, 86, 60]
[74, 73, 84, 85, 61]
[76, 84, 87, 73, 62]
[75, 77, 86, 80, 63]
[90, 84, 75, 75, 64]
[89, 76, 78, 90, 65]
[86, 88, 79, 76, 66]
[84, 81, 78, 74, 67]
[77, 77, 72, 80, 68]
[88, 80, 90, 76, 69]
[74, 76, 78, 79, 70]
[87, 86, 75, 77, 30]
[78, 87, 80, 85, 31]
[82, 76, 77, 88, 32]
[73, 88, 89, 80, 33]
[74, 86, 87, 82, 34]
[75, 89, 89, 80, 35]
[79, 89, 71, 81, 36]
[74, 79, 83, 80, 37]
[77, 79, 90, 81, 38]
[87, 88, 88, 71, 39]
[78, 90, 77, 86, 40]
[81, 75, 89, 76, 41]
[80, 86, 71, 72, 42]
[82, 71, 72, 74, 43]
[85, 76, 78, 73, 44]
[86, 78, 78, 74, 45]
[89, 79, 86, 81, 46]
[73, 85, 72, 72, 47]
[82, 75, 87, 74, 48]
[75, 78, 82, 82, 49]
[86, 82, 71, 86, 50]
[76, 83, 76, 86, 51]
[74, 76, 89, 80, 52]
[90, 90, 73, 81, 53]
[86, 82, 72, 73, 54]
[83, 72, 78, 90, 55]
[87, 76, 81, 89, 56]
[80, 83, 73, 90, 57]
[76, 81, 73, 72, 58]
[79, 71, 72, 85, 59]
[79, 72, 86, 75, 60]
[87, 87, 88, 74, 61]
[74, 89, 81, 75, 62]
[72, 72, 81, 73, 63]
[75, 87, 78, 76, 64]
[76, 73, 71, 81, 65]
[89, 75, 72, 89, 66]
[87, 84, 80, 83, 67]
[83, 71, 77, 86, 68]
[73, 90, 83, 86, 69]
[88, 84, 76, 86, 70]
[72, 80, 78, 87, 30]
[88, 89, 81, 79, 31]
[75, 71, 90, 77, 32]
[86, 77, 89, 71, 33]
[87, 71, 83, 87, 34]
[76, 84, 84, 87, 35]
[90, 86, 78, 88, 36]
[81, 77, 81, 83, 37]
[80, 77, 86, 74, 38]
[77, 86, 77, 82, 39]
[77, 74, 75, 78, 40]
[86, 80, 79, 79, 41]
[89, 78, 83, 74, 42]
[79, 88, 85, 74, 43]
[78, 90, 78, 78, 44]
[71, 74, 76, 76, 45]
[88, 74, 88, 78, 46]
[89, 86, 84, 89, 47]
[72, 86, 82, 90, 48]
[81, 72, 73, 90, 49]
[74, 82, 72, 72, 50]
[74, 77, 83, 71, 51]
[82, 82, 88, 81, 52]
[78, 82, 86, 90, 53]
[71, 72, 80, 81, 54]
[87, 75, 80, 82, 55]
[77, 74, 73, 89, 56]
[80, 74, 76, 73, 57]
[88, 72, 83, 85, 58]
[78, 87, 81, 74, 59]
[88, 82, 78, 80, 60]
[71, 83, 77, 83, 61]
[73, 85, 88, 75, 62]
[90, 82, 86, 77, 63]
[88, 77, 77, 81, 64]
[71, 86, 75, 84, 65]
[73, 72, 71, 90, 66]
[74, 82, 86, 84, 67]
[89, 71, 82, 86, 68]
[88, 85, 86, 78, 69]
[79, 85, 85, 83, 70]
[90, 86, 75, 84, 30]
[81, 72, 77, 80, 31]
[80, 86, 85, 80, 32]
[76, 74, 72, 80, 33]
[83, 87, 77, 88, 34]
[89, 90, 88, 74, 35]
[87, 75, 89, 86, 36]
[76, 89, 81, 71, 37]
[77, 82, 81, 90, 38]
[73, 89, 83, 76, 39]
[81, 89, 83, 89, 40]
[85, 86, 74, 82, 41]
[85, 81, 87, 87, 42]
[73, 71, 79, 76, 43]
[75, 83, 75, 78, 44]
[77, 83, 87, 89, 45]
[71, 71, 77, 84, 46]
[88, 78, 71, 85, 47]
[86, 73, 72, 73, 48]
[90, 82, 75, 80, 49]
[89, 80, 80, 77, 50]
[81, 85, 87, 77, 51]
[72, 79, 76, 73, 52]
[73, 80, 71, 83, 53]
[86, 74, 82, 88, 54]
[80, 83, 72, 89, 55]
[73, 78, 89, 88, 56]
[73, 71, 77, 85, 57]
[73, 84, 79, 89, 58]
[84, 81, 88, 88, 59]
[79, 71, 86, 88, 60]
[77, 89, 83, 77, 61]
[84, 84, 76, 90, 62]
[77, 83, 86, 88, 63]
[80, 74, 78, 79, 64]
[74, 73, 86, 78, 65]
[80, 88, 71, 87, 66]
[86, 75, 84, 88, 67]
[71, 80, 84, 87, 68]
[82, 76, 71, 71, 69]
[82, 87, 85, 86, 70]
[85, 89, 90, 79, 30]
[73, 71, 83, 81, 31]
[71, 74, 88, 78, 32]
[81, 72, 71, 90, 33]
[71, 86, 71, 89, 34]
[83, 82, 85, 85, 35]
[80, 90, 77, 86, 36]
[86, 82, 76, 90, 37]
[77, 72, 80, 83, 38]
[85, 85, 72, 76, 39]
[79, 85, 80, 90, 40]
[74, 72, 84, 76, 41]
[81, 82, 90, 81, 42]
[90, 76, 88, 84, 43]
[78, 74, 72, 86, 44]
[82, 86, 75, 90, 45]
[81, 73, 88, 83, 46]
[73, 84, 90, 73, 47]
[73, 79, 81, 84, 48]
[79, 74, 85, 75, 49]
[88, 77, 78, 86, 50]
[89, 78, 77, 85, 51]
[82, 82, 90, 90, 52]
[76, 73, 76, 83, 53]
[75, 83, 89, 81, 54]
[83, 72, 86, 85, 55]
[77, 80, 81, 76, 56]
[74, 84, 87, 80, 57]
[75, 80, 79, 78, 58]
[88, 81, 90, 85, 59]
[71, 72, 84, 76, 60]
[77, 83, 90, 72, 61]
[88, 79, 77, 71, 62]
[82, 71, 77, 80, 63]
[79, 73, 78, 83, 64]
[78, 79, 72, 71, 65]
[76, 81, 73, 81, 66]
[79, 82, 87, 81, 67]
[80, 86, 80, 87, 68]
[76, 88, 77, 72, 69]
[83, 76, 80, 85, 70]
