[10, 18, 17, 17, 30]
[11, 27, 22, 11, 31]
[22, 15, 29, 12, 32]
[16, 25, 25, 13, 33]
[21, 25, 25, 22, 34]
[29, 21, 16, 15, 35]
[20, 21, 23, 11, 36]
[28, 27, 23, 27, 37]
[22, 17, 15, 18, 38]
[22, 11, 25, 27, 39]
[21, 14, 16, 18, 40]
[10, 17, 16, 19, 41]
[11, 29, 14, 22, 42]
[10, 29, 19, 21, 43]
[18, 26, 13, 12, 44]
[21, 24, 20, 25, 45]
[18, 10, 27, 11, 46]
[12, 14, 18, 22, 47]
[27, 19, 26, 10, 48]
[27, 13, 16, 24, 49]
[14, 13, 27, 12, 50]
[25, 10, 18, 24, 51]
[21, 21, 16, 13, 52]
[16, 13, 17, 28, 53]
[29, 20, 21, 14, 54]
[25, 17, 13, 24, 55]
[19, 16, 26, 29, 56]
[12, 27, 18, 16, 57]
[29, 17, 15, 15, 58]
[24, 16, 11, 18, 59]
[20, 15, 29, 16, 60]
[22, 24, 23, 22, 61]
[19, 24, 12, 16, 62]
[26, 29, 14, 28, 63]
[12, 17, 25, 12, 64]
[13, 19, 11, 19, 65]
[27, 16, 22, 19, 66]
[18, 23, 12, 13, 67]
[22, 19, 26, 18, 68]
[26, 21, 20, 26, 69]
[23, 23, 24, 10, 70]
[15, 19, 27, 13, 30]
[11, 15, 18, 17, 31]
[11, 17, 20, 16, 32]
[22, 24, 20, 28, 33]
[21, 28, 28, 18, 34]
[17, 25, 27, 14, 35]
[19, 12, 18, 10, 36]
[11, 13, 18, 29, 37]
[15, 21, 24, 17, 38]
[26, 10, 14, 20, 39]
[16, 18, 24, 23, 40]
[10, 17, 16, 24, 41]
[28, 26, 19, 16, 42]
[13, 12, 25, 24, 43]
[11, 14, 11, 18, 44]
[10, 21, 29, 23, 45]
[17, 19, 28, 23, 46]
[13, 13, 14, 20, 47]
[20, 27, 15, 25, 48]
[23, 19, 23, 19, 49]
[23, 11, 24, 18, 50]
[14, 16, 11, 22, 51]
[11, 28, 12, 21, 52]
[28, 13, 26, 18, 53]
[22, 24, 20, 28, 54]
[13, 17, 19, 22, 55]
[23, 17, 23, 22, 56]
[11, 19, 27, 18, 57]
[26, 28, 20, 22, 58]
[18, 25, 27, 24, 59]
[29, 21, 26, 23, 60]
[24, 29, 19, 23, 61]
[24, 27, 26, 17, 62]
[29, 18, 20, 12, 63]
[17, 25, 26, 26, 64]
[20, 16, 14, 29, 65]
[29, 20, 24, 15, 66]
[19, 28, 21, 27, 67]
[26, 13, 18, 16, 68]
[16, 10, 19, 22, 69]
[26, 15, 19, 17, 70]
[21, 18, 19, 25, 30]
[20, 20, 26, 27, 31]
[18, 27, 29, 15, 32]
[15, 21, 28, 24, 33]
[29, 12, 29, 11, 34]
[12, 29, 17, 27, 35]
[24, 20, 10, 21, 36]
[25, 17, 10, 26, 37]
[10, 22, 12, 27, 38]
[20, 16, 17, 16, 39]
[23, 22, 12, 11, 40]
[29, 14, 21, 29, 41]
[24, 29, 12, 19, 42]
[13, 28, 29, 19, 43]
[19, 27, 22, 19, 44]
[23, 11, 12, 25, 45]
[22, 11, 16, 15, 46]
[14, 13, 22, 24, 47]
[12, 10, 20, 13, 48]
[26, 20, 15, 24, 49]
[21, 22, 24, 19, 50]
[15, 19, 16, 23, 51]
[13, 25, 21, 26, 52]
[22, 23, 15, 11, 53]
[24, 17, 17, 10, 54]
[29, 21, 28, 10, 55]
[11, 15, 16, 20, 56]
[20, 19, 17, 13, 57]
[16, 28, 29, 14, 58]
[21, 25, 26, 24, 59]
[14, 16, 29, 29, 60]
[17, 18, 18, 13, 61]
[15, 28, 20, 18, 62]
[15, 19, 15, 27, 63]
[29, 24, 24, 27, 64]
[28, 14, 27, 15, 65]
[19, 11, 20, 15, 66]
[18, 10, 15, 23, 67]
[21, 27, 14, 28, 68]
[17, 20, 17, 15, 69]
[12, 26, 17, 29, 70]
[28, 28, 12, 12, 30]
[13, 29, 10, 14, 31]
[20, 26, 23, 15, 32]
[24, 26, 22, 16, 33]
[23, 24, 20, 28, 34]
[21, 17, 13, 12, 35]
[23, 12, 16, 19, 36]
[20, 14, 16, 22, 37]
[15, 26, 29, 23, 38]
[18, 10, 17, 25, 39]
[27, 12, 16, 21, 40]
[10, 10, 23, 15, 41]
[15, 20, 27, 13, 42]
[15, 29, 29, 19, 43]
[29, 26, 15, 21, 44]
[28, 27, 25, 21, 45]
[26, 29, 14, 17, 46]
[13, 18, 12, 27, 47]
[16, 24, 10, 23, 48]
[14, 10, 16, 18, 49]
[18, 14, 15, 10, 50]
[20, 15, 18, 14, 51]
[20, 29, 10, 26, 52]
[18, 22, 27, 17, 53]
[24, 19, 28, 21, 54]
[21, 23, 22, 18, 55]
[17, 20, 12, 16, 56]
[15, 13, 12, 25, 57]
[18, 12, 16, 20, 58]
[19, 27, 23, 19, 59]
[25, 15, 19, 21, 60]
[22, 24, 14, 13, 61]
[16, 28, 28, 12, 62]
[12, 24, 25, 17, 63]
[20, 28, 14, 26, 64]
[15, 11, 26, 24, 65]
[12, 19, 29, 20, 66]
[20, 10, 18, 21, 67]
[25, 21, 17, 21, 68]
[26, 19, 26, 26, 69]
[29, 27, 10, 25, 70]
[28, 18, 13, 27, 30]
[22, 12, 14, 28, 31]
[28, 16, 13, 13, 32]
[18, 14, 29, 24, 33]
[26, 29, 22, 29, 34]
[24, 12, 11, 10, 35]
[19, 25, 28, 21, 36]
[22, 25, 15, 28, 37]
[17, 15, 19, 26, 38]
[26, 24, 23, 22, 39]
[20, 22, 21, 12, 40]
[13, 27, 14, 11, 41]
[28, 11, 27, 23, 42]
[29, 14, 12, 18, 43]
[19, 14, 10, 26, 44]
[23, 11, 15, 12, 45]
[15, 21, 20, 21, 46]
[14, 18, 25, 26, 47]
[11, 18, 29, 18, 48]
[14, 21, 24, 11, 49]
[29, 21, 26, 22, 50]
[12, 14, 22, 29, 51]
[23, 24, 17, 26, 52]
[26, 20, 12, 18, 53]
[19, 16, 28, 10, 54]
[22, 21, 23, 10, 55]
[18, 23, 26, 26, 56]
[10, 23, 14, 24, 57]
[27, 27, 22, 22, 58]
[23, 20, 23, 20, 59]
[22, 29, 12, 18, 60]
[10, 27, 21, 19, 61]
[16, 11, 16, 16, 62]
[19, 15, 20, 28, 63]
[28, 11, 16, 21, 64]
[15, 26, 22, 13, 65]
[22, 13, 13, 10, 66]
[27, 28, 20, 16, 67]
[24, 11, 26, 22, 68]
[11, 18, 28, 14, 69]
[28, 16, 23, 17, 70]
[21, 12, 28, 25, 30]
[25, 19, 27, 24, 31]
[28, 21, 29, 15, 32]
[14, 24, 15, 27, 33]
[10, 15, 17, 18, 34]
[13, 13, 24, 29, 35]
[10, 15, 12, 29, 36]
[13, 15, 12, 26, 37]
[12, 11, 29, 19, 38]
[13, 28, 20, 12, 39]
[24, 29, 29, 11, 40]
[27, 12, 29, 26, 41]
[28, 29, 24, 13, 42]
[10, 18, 19, 20, 43]
[11, 10, 14, 25, 44]
[22, 17, 17, 13, 45]
[28, 18, 24, 10, 46]
[28, 29, 18, 24, 47]
[25, 21, 18, 23, 48]
[26, 26, 27, 13, 49]
[27, 15, 19, 25, 50]
[20, 25, 20, 26, 51]
[24, 26, 26, 24, 52]
[11, 15, 16, 14, 53]
[22, 25, 28, 29, 54]
[28, 21, 22, 20, 55]
[27, 28, 10, 14, 56]
[28, 10, 12, 23, 57]
[11, 25, 29, 26, 58]
[22, 29, 16, 26, 59]
[25, 14, 10, 12, 60]
[29, 21, 22, 29, 61]
[12, 11, 28, 29, 62]
[27, 19, 20, 29, 63]
[12, 29, 12, 11, 64]
[11, 25, 27, 24, 65]
[15, 15, 13, 14, 66]
[23, 27, 10, 22, 67]
[24, 16, 20, 11, 68]
[29, 20, 23, 10, 69]
[12, 20, 15, 11, 70]
[17, 17, 11, 22, 30]
[20, 26, 29, 25, 31]
[20, 25, 22, 21, 32]
[12, 10, 26, 28, 33]
[25, 19, 26, 25, 34]
[21, 27, 14, 17, 35]
[27, 16, 16, 17, 36]
[29, 28, 20, 16, 37]
[10, 22, 18, 23, 38]
[25, 12, 22, 29, 39]
[10, 26, 23, 20, 40]
[18, 21, 25, 16, 41]
[20, 25, 27, 26, 42]
[23, 26, 15, 18, 43]
[13, 21, 29, 26, 44]
[29, 14, 21, 28, 45]
[18, 28, 28, 19, 46]
[17, 15, 10, 22, 47]
[12, 22, 21, 29, 48]
[19, 11, 23, 23, 49]
[16, 23, 14, 18, 50]
[18, 24, 15, 20, 51]
[17, 10, 20, 19, 52]
[29, 26, 17, 15, 53]
[27, 11, 27, 15, 54]
[21, 24, 25, 25, 55]
[28, 14, 24, 25, 56]
[29, 25, 17, 24, 57]
[22, 23, 17, 23, 58]
[14, 22, 17, 14, 59]
[26, 14, 28, 11, 60]
[12, 25, 21, 13, 61]
[21, 24, 19, 10, 62]
[19, 16, 24, 16, 63]
[19, 14, 19, 20, 64]
[21, 12, 15, 13, 65]
[21, 15, 13, 14, 66]
[22, 12, 26, 14, 67]
[21, 24, 28, 19, 68]
[29, 24, 22, 23, 69]
[17, 26, 18, 13, 70]
[14, 16, 26, 10, 30]
[16, 22, 13, 27, 31]
[21, 15, 27, 17, 32]
[26, 26, 10, 11, 33]
[10, 22, 17, 21, 34]
[13, 20, 16, 10, 35]
[15, 12, 19, 20, 36]
[11, 29, 10, 17, 37]
[15, 20, 18, 26, 38]
[19, 25, 12, 15, 39]
[17, 24, 19, 19, 40]
[22, 10, 21, 12, 41]
[29, 21, 18, 12, 42]
[12, 14, 26, 15, 43]
[15, 27, 17, 29, 44]
[12, 17, 22, 18, 45]
[27, 20, 24, 16, 46]
[10, 12, 10, 11, 47]
[29, 25, 10, 28, 48]
[12, 27, 12, 12, 49]
[17, 29, 17, 21, 50]
[26, 24, 25, 11, 51]
[29, 13, 27, 25, 52]
[11, 18, 15, 21, 53]
[26, 13, 10, 11, 54]
[15, 23, 23, 16, 55]
[29, 29, 19, 24, 56]
[26, 26, 13, 25, 57]
[12, 23, 29, 21, 58]
[25, 18, 29, 18, 59]
[13, 18, 24, 12, 60]
[17, 26, 27, 27, 61]
[15, 14, 11, 27, 62]
[14, 10, 20, 21, 63]
[22, 19, 29, 11, 64]
[29, 28, 26, 10, 65]
[20, 19, 16, 29, 66]
[25, 15, 19, 10, 67]
[20, 24, 27, 24, 68]
[12, 23, 24, 15, 69]
[18, 21, 12, 26, 70]
[16, 23, 21, 21, 30]
[10, 27, 16, 20, 31]
[17, 12, 27, 18, 32]
[12, 11, 11, 26, 33]
[21, 17, 14, 27, 34]
[27, 22, 17, 29, 35]
[11, 26, 20, 16, 36]
[17, 10, 10, 22, 37]
[12, 16, 16, 25, 38]
[15, 23, 16, 15, 39]
[12, 22, 10, 29, 40]
[20, 15, 16, 22, 41]
[13, 18, 20, 18, 42]
[11, 10, 26, 18, 43]
[19, 21, 21, 18, 44]
[15, 16, 12, 23, 45]
[26, 16, 17, 28, 46]
[23, 18, 21, 26, 47]
[25, 11, 27, 15, 48]
[12, 18, 20, 29, 49]
[19, 12, 22, 13, 50]
[22, 19, 20, 15, 51]
[20, 26, 17, 26, 52]
[14, 29, 28, 21, 53]
[23, 23, 19, 28, 54]
[16, 23, 25, 29, 55]
[14, 29, 20, 18, 56]
[17, 26, 29, 14, 57]
[26, 22, 23, 24, 58]
[20, 16, 14, 23, 59]
[14, 10, 28, 10, 60]
[14, 10, 25, 21, 61]
[29, 22, 10, 10, 62]
[19, 29, 26, 15, 63]
[28, 28, 20, 24, 64]
[18, 22, 26, 27, 65]
[12, 28, 26, 14, 66]
[13, 12, 27, 28, 67]
[19, 23, 14, 26, 68]
[25, 13, 28, 27, 69]
[24, 19, 12, 19, 70]
[16, 25, 22, 18, 30]
[19, 26, 16, 17, 31]
[21, 17, 13, 17, 32]
[15, 16, 23, 18, 33]
[26, 17, 20, 17, 34]
[10, 29, 15, 20, 35]
[10, 11, 18, 29, 36]
[16, 27, 14, 10, 37]
[18, 13, 29, 26, 38]
[22, 28, 16, 21, 39]
[26, 10, 18, 11, 40]
[15, 11, 19, 18, 41]
[25, 20, 12, 16, 42]
[21, 25, 19, 24, 43]
[21, 15, 26, 10, 44]
[25, 23, 18, 26, 45]
[20, 24, 12, 21, 46]
[17, 14, 11, 15, 47]
[22, 26, 19, 24, 48]
[15, 16, 27, 13, 49]
[21, 24, 15, 12, 50]
[14, 15, 18, 19, 51]
[23, 23, 25, 11, 52]
[28, 14, 25, 19, 53]
[16, 28, 20, 18, 54]
[27, 18, 14, 24, 55]
[10, 19, 19, 18, 56]
[13, 26, 13, 14, 57]
[18, 28, 15, 15, 58]
[29, 19, 24, 22, 59]
[10, 15, 16, 26, 60]
[17, 12, 10, 13, 61]
[15, 18, 23, 24, 62]
[14, 12, 24, 11, 63]
[26, 15, 21, 15, 64]
[14, 28, 18, 19, 65]
[13, 25, 27, 26, 66]
[21, 21, 12, 20, 67]
[13, 25, 28, 25, 68]
[15, 20, 19, 14, 69]
[16, 25, 16, 12, 70]
