[77, 72, 85, 76, 30]
[75, 84, 75, 75, 31]
[71, 83, 74, 79, 32]
[71, 74, 74, 83, 33]
[76, 74, 81, 73, 34]
[78, 81, 90, 88, 35]
[87, 72, 84, 77, 36]
[80, 82, 76, 71, 37]
[80, 85, 73, 73, 38]
[80, 86, 78, 73, 39]
[77, 82, 85, 79, 40]
[77, 88, 86, 75, 41]
[75, 81, 78, 88, 42]
[74, 72, 83, 90, 43]
[84, 87, 72, 81, 44]
[88, 81, 82, 75, 45]
[72, 89, 89, 80, 46]
[74, 84, 78, 75, 47]
[73, 74, 82, 90, 48]
[77, 87, 89, 74, 49]
[80, 83, 81, 78, 50]
[76, 88, 88, 76, 51]
[82, 88, 78, 83, 52]
[82, 83, 76, 84, 53]
[78, 72, 77, 86, 54]
[77, 84, 79, 83, 55]
[89, 74, 72, 80, 56]
[86, 82, 87, 87, 57]
[80, 73, 83, 81, 58]
[76, 74, 86, 76, 59]
[89, 78, 89, 87, 60]
[80, 72, 76, 80, 61]
[81, 87, 86, 90, 62]
[76, 88, 80, 89, 63]
[71, 88, 90, 83, 64]
[87, 77, 74, 88, 65]
[78, 89, 87, 79, 66]
[86, 86, 81, 90, 67]
[77, 90, 71, 83, 68]
[72, 77, 87, 82, 69]
[83, 86, 71, 80, 70]
[71, 80, 78, 87, 30]
[87, 86, 81, 89, 31]
[85, 87, 78, 87, 32]
[78, 76, 82, 74, 33]
[90, 87, 80, 75, 34]
[73, 76, 79, 74, 35]
[86, 80, 74, 83, 36]
[90, 86, 72, 83, 37]
[80, 90, 88, 72, 38]
[84, 76, 71, 74, 39]
[88, 84, 80, 85, 40]
[87, 77, 87, 86, 41]
[80, 86, 76, 75, 42]
[84, 75, 89, 80, 43]
[79, 74, 72, 89, 44]
[73, 78, 90, 71, 45]
[79, 77, 81, 84, 46]
[82, 89, 79, 74, 47]
[83, 71, 71, 87, 48]
[72, 74, 88, 82, 49]
[87, 78, 76, 74, 50]
[72, 79, 81, 78, 51]
[80, 82, 81, 71, 52]
[83, 86, 74, 72, 53]
[80, 87, 78, 71, 54]
[79, 89, 77, 87, 55]
[87, 89, 80, 79, 56]
[75, 85, 74, 84, 57]
[71, 79, 80, 84, 58]
[88, 90, 73, 75, 59]
[73, 82, 78, 79, 60]
[72, 74, 89, 84, 61]
[81, 80, 80, 71, 62]
[72, 76, 72, 85, 63]
[77, 81, 75, 81, 64]
[82, 74, 79, 80, 65]
[77, 80, 76, 74, 66]
[82, 85, 72, 90, 67]
[79, 82, 87, 85, 68]
[73, 83, 84, 85, 69]
[90, 90, 75, 82, 70]
[85, 77, 90, 89, 30]
[73, 75, 88, 84, 31]
[84, 79, 78, 88, 32]
[74, 73, 79, 72, 33]
[76, 75, 76, 81, 34]
[74, 71, 78, 74, 35]
[86, 79, 77, 86, 36]
[86, 78, 79, 89, 37]
[75, 85, 75, 82, 38]
[78, 89, 88, 78, 39]
[76, 78, 74, 79, 40]
[81, 74, 77, 89, 41]
[85, 83, 74, 87, 42]
[74, 82, 83, 77, 43]
[78, 86, 82, 73, 44]
[83, 73, 72, 90, 45]
[77, 72, 71, 84, 46]
[87, 72, 77, 79, 47]
[76, 71, 73, 87, 48]
[85, 81, 78, 75, 49]
[81, 80, 80, 80, 50]
[71, 72, 84, 87, 51]
[72, 73, 88, 84, 52]
[90, 82, 86, 72, 53]
[87, 89, 83, 83, 54]
[84, 76, 90, 81, 55]
[82, 81, 88, 85, 56]
[80, 80, 78, 74, 57]
[88, 72, 83, 89, 58]
[80, 71, 88, 87, 59]
[81, 71, 84, 83, 60]
[90, 80, 90, 75, 61]
[83, 77, 90, 87, 62]
[87, 73, 76, 74, 63]
[82, 77, 79, 81, 64]
[77, 73, 76, 84, 65]
[87, 76, 85, 72, 66]
[71, 72, 73, 88, 67]
[83, 83, 88, 74, 68]
[84, 75, 75, 74, 69]
[82, 83, 86, 86, 70]
[78, 80, 80, 86, 30]
[81, 89, 74, 86, 31]
[90, 71, 74, 84, 32]
[86, 89, 89, 75, 33]
[81, 83, 74, 75, 34]
[76, 90, 79, 90, 35]
[88, 90, 90, 83, 36]
[83, 85, 77, 84, 37]
[76, 88, 74, 74, 38]
[71, 78, 88, 77, 39]
[71, 73, 72, 78, 40]
[78, 83, 85, 79, 41]
[79, 85, 73, 73, 42]
[75, 84, 81, 80, 43]
[78, 79, 89, 87, 44]
[74, 78, 80, 71, 45]
[81, 88, 74, 86, 46]
[88, 89, 72, 90, 47]
[87, 71, 81, 81, 48]
[90, 79, 74, 72, 49]
[71, 88, 85, 77, 50]
[83, 86, 78, 78, 51]
[86, 90, 85, 81, 52]
[90, 82, 71, 72, 53]
[84, 81, 90, 88, 54]
[83, 73, 90, 83, 55]
[77, 82, 76, 89, 56]
[75, 80, 79, 71, 57]
[87, 79, 77, 71, 58]
[88, 85, 76, 71, 59]
[80, 79, 89, 89, 60]
[84, 78, 90, 71, 61]
[78, 81, 90, 72, 62]
[71, 71, 82, 81, 63]
[82, 85, 81, 71, 64]
[89, 81, 77, 87, 65]
[85, 76, 72, 85, 66]
[84, 79, 71, 84, 67]
[74, 85, 74, 76, 68]
[78, 82, 71, 75, 69]
[79, 79, 78, 77, 70]
[78, 81, 77, 89, 30]
[81, 72, 72, 75, 31]
[72, 76, 89, 75, 32]
[85, 82, 88, 89, 33]
[76, 74, 76, 90, 34]
[73, 86, 74, 84, 35]
[84, 87, 86, 72, 36]
[84, 73, 82, 74, 37]
[86, 79, 87, 74, 38]
[89, 73, 82, 76, 39]
[79, 86, 76, 73, 40]
[88, 88, 87, 87, 41]
[76, 84, 86, 90, 42]
[88, 77, 76, 75, 43]
[73, 73, 71, 75, 44]
[87, 71, 76, 83, 45]
[87, 82, 83, 77, 46]
[90, 81, 76, 88, 47]
[89, 82, 89, 75, 48]
[71, 90, 78, 77, 49]
[79, 88, 80, 87, 50]
[79, 83, 82, 85, 51]
[82, 84, 84, 90, 52]
[89, 88, 73, 83, 53]
[81, 71, 85, 76, 54]
[86, 89, 75, 74, 55]
[85, 80, 83, 71, 56]
[86, 85, 90, 84, 57]
[83, 81, 88, 76, 58]
[77, 86, 76, 71, 59]
[83, 74, 79, 82, 60]
[85, 90, 75, 81, 61]
[79, 77, 90, 73, 62]
[88, 79, 74, 80, 63]
[72, 85, 76, 76, 64]
[77, 82, 73, 85, 65]
[76, 86, 82, 87, 66]
[84, 83, 86, 84, 67]
[83, 75, 84, 81, 68]
[79, 73, 88, 80, 69]
[90, 84, 77, 83, 70]
[79, 77, 78, 78, 30]
[75, 83, 90, 80, 31]
[90, 82, 74, 73, 32]
[90, 84, 82, 71, 33]
[78, 75, 83, 80, 34]
[88, 74, 77, 82, 35]
[87, 78, 81, 80, 36]
[74, 75, 73, 89, 37]
[79, 84, 81, 75, 38]
[90, 82, 80, 77, 39]
[74, 90, 74, 75, 40]
[87, 80, 86, 89, 41]
[77, 74, 73, 83, 42]
[84, 81, 71, 90, 43]
[75, 83, 78, 89, 44]
[72, 83, 74, 84, 45]
[76, 80, 78, 87, 46]
[75, 79, 75, 73, 47]
[78, 87, 79, 90, 48]
[90, 75, 74, 90, 49]
[83, 90, 87, 86, 50]
[71, 75, 83, 87, 51]
[75, 83, 74, 84, 52]
[84, 79, 75, 88, 53]
[75, 84, 74, 82, 54]
[81, 74, 75, 80, 55]
[80, 72, 85, 71, 56]
[72, 82, 82, 83, 57]
[81, 79, 74, 87, 58]
[73, 84, 85, 79, 59]
[90, 72, 90, 90, 60]
[79, 86, 80, 75, 61]
[75, 72, 88, 87, 62]
[75, 83, 84, 75, 63]
[82, 88, 89, 77, 64]
[86, 90, 75, 71, 65]
[73, 72, 88, 76, 66]
[88, 81, 90, 72, 67]
[89, 79, 72, 72, 68]
[79, 78, 72, 76, 69]
[88, 89, 84, 71, 70]
[76, 82, 73, 76, 30]
[78, 79, 72, 88, 31]
[72, 83, 80, 84, 32]
[81, 71, 82, 90, 33]
[78, 82, 75, 86, 34]
[74, 73, 87, 79, 35]
[75, 79, 80, 72, 36]
[86, 83, 87, 79, 37]
[82, 81, 85, 90, 38]
[73, 71, 80, 79, 39]
[82, 80, 78, 87, 40]
[81, 87, 83, 83, 41]
[83, 80, 76, 84, 42]
[83, 75, 78, 83, 43]
[78, 74, 71, 75, 44]
[76, 75, 81, 75, 45]
[77, 74, 86, 82, 46]
[77, 72, 87, 74, 47]
[71, 89, 79, 88, 48]
[72, 84, 83, 85, 49]
[87, 71, 71, 85, 50]
[80, 71, 75, 76, 51]
[83, 84, 72, 89, 52]
[86, 82, 89, 73, 53]
[87, 72, 71, 84, 54]
[83, 71, 78, 75, 55]
[79, 90, 72, 84, 56]
[80, 78, 88, 79, 57]
[90, 83, 75, 73, 58]
[83, 72, 78, 73, 59]
[86, 77, 74, 83, 60]
[81, 80, 75, 81, 61]
[80, 74, 75, 71, 62]
[73, 71, 81, 79, 63]
[74, 76, 71, 83, 64]
[75, 90, 81, 87, 65]
[89, 76, 83, 88, 66]
[82, 89, 75, 78, 67]
[75, 80, 86, 80, 68]
[88, 87, 73, 76, 69]
[76, 75, 82, 88, 70]
[84, 75, 79, 82, 30]
[88, 74, 81, 87, 31]
[84, 87, 76, 74, 32]
[83, 90, 74, 75, 33]
[90, 77, 89, 72, 34]
[78, 87, 89, 89, 35]
[88, 85, 83, 76, 36]
[84, 79, 89, 82, 37]
[83, 79, 87, 84, 38]
[72, 77, 79, 76, 39]
[81, 72, 75, 77, 40]
[77, 80, 88, 85, 41]
[77, 88, 80, 72, 42]
[78, 71, 85, 85, 43]
[90, 78, 79, 82, 44]
[85, 77, 74, 82, 45]
[88, 72, 85, 84, 46]
[87, 79, 75, 88, 47]
[89, 88, 86, 75, 48]
[87, 81, 81, 72, 49]
[81, 76, 90, 75, 50]
[83, 87, 77, 71, 51]
[90, 83, 83, 86, 52]
[82, 73, 76, 82, 53]
[84, 74, 82, 88, 54]
[78, 77, 80, 90, 55]
[89, 78, 88, 76, 56]
[81, 76, 89, 89, 57]
[85, 80, 79, 82, 58]
[87, 81, 75, 82, 59]
[88, 79, 74, 71, 60]
[77, 85, 73, 84, 61]
[79, 74, 87, 89, 62]
[85, 90, 86, 84, 63]
[73, 79, 90, 82, 64]
[89, 71, 87, 89, 65]
[72, 84, 78, 84, 66]
[72, 88, 87, 88, 67]
[76, 84, 75, 89, 68]
[75, 71, 82, 83, 69]
[81, 78, 77, 76, 70]
[87, 84, 87, 71, 30]
[90, 74, 88, 76, 31]
[72, 79, 73, 89, 32]
[89, 86, 83, 80, 33]
[80, 84, 81, 78, 34]
[76, 73, 78, 78, 35]
[80, 84, 88, 90, 36]
[77, 76, 76, 89, 37]
[90, 90, 84, 78, 38]
[83, 87, 87, 86, 39]
[89, 84, 87, 81, 40]
[81, 71, 75, 86, 41]
[82, 72, 85, 79, 42]
[88, 74, 72, 74, 43]
[74, 74, 78, 71, 44]
[76, 85, 81, 78, 45]
[89, 72, 80, 87, 46]
[75, 72, 75, 72, 47]
[88, 85, 77, 72, 48]
[79, 90, 76, 76, 49]
[73, 83, 71, 78, 50]
[81, 87, 88, 89, 51]
[79, 78, 83, 77, 52]
[75, 73, 76, 85, 53]
[79, 78, 72, 89, 54]
[79, 75, 81, 90, 55]
[80, 88, 90, 88, 56]
[79, 87, 88, 75, 57]
[90, 80, 90, 71, 58]
[90, 89, 83, 71, 59]
[88, 88, 84, 85, 60]
[72, 87, 78, 86, 61]
[84, 85, 88, 86, 62]
[84, 84, 86, 75, 63]
[74, 71, 89, 73, 64]
[79, 79, 89, 75, 65]
[80, 76, 78, 81, 66]
[90, 72, 77, 73, 67]
[79, 83, 87, 85, 68]
[85, 86, 81, 75, 69]
[85, 79, 87, 73, 70]
[81, 82, 81, 73, 30]
[83, 89, 73, 73, 31]
[86, 77, 86, 80, 32]
[78, 84, 82, 89, 33]
[84, 81, 76, 85, 34]
[89, 79, 75, 83, 35]
[71, 75, 89, 81, 36]
[84, 77, 76, 74, 37]
[90, 77, 80, 89, 38]
[84, 80, 74, 71, 39]
[82, 75, 74, 81, 40]
[74, 86, 79, 75, 41]
[83, 74, 83, 79, 42]
[80, 75, 81, 75, 43]
[78, 73, 71, 80, 44]
[76, 86, 75, 78, 45]
[86, 79, 83, 76, 46]
[89, 78, 84, 81, 47]
[85, 84, 81, 71, 48]
[83, 89, 74, 89, 49]
[75, 83, 72, 84, 50]
[72, 83, 88, 89, 51]
[77, 84, 82, 80, 52]
[72, 81, 74, 85, 53]
[80, 72, 82, 87, 54]
[76, 82, 74, 82, 55]
[74, 88, 83, 75, 56]
[84, 83, 86, 88, 57]
[80, 89, 80, 86, 58]
[74, 80, 85, 82, 59]
[73, 79, 73, 90, 60]
[84, 87, 79, 83, 61]
[85, 73, 72, 89, 62]
[78, 87, 78, 76, 63]
[71, 80, 88, 85, 64]
[77, 72, 87, 81, 65]
[74, 87, 79, 77, 66]
[73, 77, 76, 76, 67]
[85, 71, 90, 87, 68]
[90, 87, 84, 71, 69]
[77, 75, 83, 90, 70]
