[27, 18, 20, 18, 30]
[23, 11, 15, 21, 31]
[17, 20, 19, 22, 32]
[18, 24, 18, 10, 33]
[25, 13, 10, 16, 34]
[20, 11, 27, 21, 35]
[20, 25, 25, 23, 36]
[29, 25, 16, 25, 37]
[10, 27, 26, 21, 38]
[21, 21, 26, 23, 39]
[23, 24, 10, 20, 40]
[26, 17, 12, 24, 41]
[28, 25, 20, 20, 42]
[19, 19, 18, 15, 43]
[12, 20, 10, 25, 44]
[24, 19, 29, 15, 45]
[21, 10, 24, 19, 46]
[18, 12, 28, 21, 47]
[26, 27, 14, 11, 48]
[26, 24, 17, 24, 49]
[12, 18, 12, 20, 50]
[21, 23, 21, 21, 51]
[24, 26, 14, 10, 52]
[25, 27, 25, 29, 53]
[15, 28, 13, 20, 54]
[25, 16, 28, 22, 55]
[29, 24, 19, 29, 56]
[21, 24, 16, 11, 57]
[20, 19, 29, 14, 58]
[24, 17, 27, 26, 59]
[14, 20, 19, 29, 60]
[22, 28, 19, 29, 61]
[22, 19, 11, 16, 62]
[10, 27, 18, 26, 63]
[19, 14, 25, 10, 64]
[10, 21, 11, 28, 65]
[25, 24, 16, 17, 66]
[11, 12, 24, 15, 67]
[22, 27, 27, 11, 68]
[26, 28, 27, 12, 69]
[11, 16, 13, 24, 70]
[28, 18, 18, 24, 30]
[25, 13, 19, 29, 31]
[17, 21, 17, 24, 32]
[23, 21, 20, 25, 33]
[27, 21, 11, 16, 34]
[20, 14, 29, 17, 35]
[28, 17, 20, 13, 36]
[14, 24, 28, 13, 37]
[24, 10, 18, 10, 38]
[12, 15, 10, 16, 39]
[12, 29, 22, 12, 40]
[13, 20, 24, 29, 41]
[25, 29, 23, 17, 42]
[13, 29, 23, 14, 43]
[22, 16, 11, 25, 44]
[13, 12, 26, 10, 45]
[12, 29, 28, 24, 46]
[29, 27, 14, 19, 47]
[13, 21, 14, 13, 48]
[25, 10, 20, 13, 49]
[28, 27, 20, 28, 50]
[22, 23, 17, 13, 51]
[23, 10, 25, 23, 52]
[24, 26, 29, 11, 53]
[22, 25, 19, 23, 54]
[14, 22, 26, 11, 55]
[19, 22, 16, 21, 56]
[15, 19, 17, 13, 57]
[25, 14, 21, 10, 58]
[13, 26, 27, 29, 59]
[24, 23, 17, 23, 60]
[26, 26, 20, 19, 61]
[25, 20, 14, 25, 62]
[29, 20, 29, 23, 63]
[12, 22, 23, 26, 64]
[27, 29, 29, 15, 65]
[21, 10, 22, 17, 66]
[19, 23, 12, 24, 67]
[19, 29, 16, 11, 68]
[11, 16, 18, 19, 69]
[18, 26, 27, 21, 70]
[29, 15, 29, 12, 30]
[19, 16, 10, 14, 31]
[18, 10, 16, 11, 32]
[23, 10, 10, 10, 33]
[20, 28, 28, 23, 34]
[21, 12, 10, 11, 35]
[18, 19, 29, 11, 36]
[24, 14, 25, 24, 37]
[23, 25, 27, 28, 38]
[24, 14, 15, 23, 39]
[14, 15, 12, 16, 40]
[10, 12, 19, 23, 41]
[14, 11, 22, 25, 42]
[27, 26, 27, 21, 43]
[29, 29, 22, 12, 44]
[13, 24, 18, 13, 45]
[27, 22, 10, 24, 46]
[20, 28, 19, 10, 47]
[22, 13, 26, 29, 48]
[25, 22, 10, 24, 49]
[20, 15, 10, 15, 50]
[11, 15, 21, 21, 51]
[23, 23, 12, 21, 52]
[29, 18, 12, 29, 53]
[10, 13, 24, 16, 54]
[18, 28, 13, 17, 55]
[20, 20, 23, 20, 56]
[29, 25, 20, 18, 57]
[23, 17, 27, 10, 58]
[29, 14, 25, 13, 59]
[14, 27, 29, 21, 60]
[24, 20, 16, 26, 61]
[21, 13, 22, 16, 62]
[15, 16, 12, 12, 63]
[11, 15, 19, 28, 64]
[17, 21, 17, 10, 65]
[29, 19, 10, 14, 66]
[13, 12, 12, 27, 67]
[25, 15, 12, 15, 68]
[20, 29, 22, 27, 69]
[29, 10, 22, 26, 70]
[12, 21, 29, 18, 30]
[23, 19, 29, 16, 31]
[19, 17, 19, 21, 32]
[25, 19, 21, 23, 33]
[17, 20, 13, 22, 34]
[22, 26, 19, 28, 35]
[25, 15, 13, 28, 36]
[27, 28, 24, 25, 37]
[29, 19, 12, 28, 38]
[19, 26, 18, 20, 39]
[13, 15, 25, 17, 40]
[12, 16, 20, 16, 41]
[25, 24, 26, 29, 42]
[20, 24, 26, 13, 43]
[28, 25, 15, 15, 44]
[20, 12, 11, 24, 45]
[10, 19, 18, 22, 46]
[15, 19, 12, 15, 47]
[15, 19, 27, 22, 48]
[27, 19, 16, 13, 49]
[15, 22, 16, 22, 50]
[20, 22, 25, 25, 51]
[25, 29, 26, 28, 52]
[17, 19, 10, 23, 53]
[22, 10, 29, 20, 54]
[26, 12, 29, 16, 55]
[21, 11, 29, 23, 56]
[21, 11, 15, 25, 57]
[14, 28, 12, 29, 58]
[28, 16, 29, 10, 59]
[22, 28, 12, 26, 60]
[10, 17, 19, 18, 61]
[25, 27, 11, 21, 62]
[16, 22, 11, 17, 63]
[10, 26, 21, 16, 64]
[20, 17, 15, 23, 65]
[24, 13, 27, 27, 66]
[29, 21, 16, 16, 67]
[16, 29, 17, 15, 68]
[29, 11, 18, 13, 69]
[22, 23, 12, 10, 70]
[26, 26, 21, 14, 30]
[17, 28, 14, 16, 31]
[18, 29, 15, 22, 32]
[18, 29, 11, 26, 33]
[11, 19, 29, 29, 34]
[28, 21, 21, 13, 35]
[26, 27, 18, 17, 36]
[24, 22, 13, 17, 37]
[11, 20, 24, 29, 38]
[20, 18, 22, 21, 39]
[12, 15, 14, 14, 40]
[13, 12, 19, 25, 41]
[29, 26, 26, 23, 42]
[13, 26, 25, 18, 43]
[23, 13, 15, 11, 44]
[19, 27, 29, 22, 45]
[29, 14, 12, 16, 46]
[25, 26, 28, 26, 47]
[26, 17, 20, 28, 48]
[12, 10, 29, 21, 49]
[23, 20, 21, 24, 50]
[14, 25, 14, 13, 51]
[12, 28, 13, 24, 52]
[18, 18, 11, 17, 53]
[15, 21, 18, 15, 54]
[10, 23, 27, 22, 55]
[25, 21, 25, 25, 56]
[29, 27, 15, 25, 57]
[27, 14, 15, 26, 58]
[14, 17, 23, 21, 59]
[29, 19, 18, 27, 60]
[17, 12, 27, 16, 61]
[16, 23, 13, 13, 62]
[21, 22, 28, 20, 63]
[26, 24, 21, 10, 64]
[15, 11, 14, 20, 65]
[21, 12, 21, 19, 66]
[26, 20, 27, 20, 67]
[14, 14, 15, 11, 68]
[25, 26, 19, 10, 69]
[19, 14, 22, 18, 70]
[21, 26, 14, 18, 30]
[13, 17, 18, 28, 31]
[17, 13, 29, 18, 32]
[29, 13, 24, 16, 33]
[20, 19, 27, 10, 34]
[15, 21, 11, 24, 35]
[15, 13, 23, 26, 36]
[21, 18, 28, 21, 37]
[29, 11, 27, 26, 38]
[10, 24, 15, 29, 39]
[21, 13, 10, 18, 40]
[25, 29, 12, 16, 41]
[15, 13, 21, 17, 42]
[18, 10, 14, 29, 43]
[26, 11, 27, 29, 44]
[13, 25, 10, 19, 45]
[14, 25, 23, 27, 46]
[22, 17, 15, 23, 47]
[14, 15, 24, 17, 48]
[15, 22, 27, 10, 49]
[10, 29, 21, 24, 50]
[29, 11, 29, 19, 51]
[13, 20, 22, 17, 52]
[17, 24, 16, 16, 53]
[20, 11, 14, 16, 54]
[13, 16, 20, 13, 55]
[11, 26, 26, 15, 56]
[25, 17, 27, 19, 57]
[20, 26, 17, 12, 58]
[13, 19, 15, 13, 59]
[14, 23, 15, 27, 60]
[28, 23, 14, 22, 61]
[12, 13, 10, 11, 62]
[11, 13, 20, 26, 63]
[18, 20, 27, 10, 64]
[29, 12, 23, 28, 65]
[18, 20, 23, 15, 66]
[24, 19, 14, 26, 67]
[10, 23, 18, 11, 68]
[19, 10, 17, 29, 69]
[26, 29, 22, 10, 70]
[21, 28, 16, 27, 30]
[17, 18, 15, 15, 31]
[18, 19, 13, 20, 32]
[20, 27, 29, 19, 33]
[16, 22, 24, 12, 34]
[22, 18, 26, 18, 35]
[23, 29, 18, 12, 36]
[13, 29, 23, 15, 37]
[18, 21, 20, 13, 38]
[25, 13, 14, 14, 39]
[20, 13, 29, 12, 40]
[20, 21, 28, 16, 41]
[12, 20, 20, 18, 42]
[25, 26, 11, 10, 43]
[20, 20, 24, 25, 44]
[15, 17, 23, 12, 45]
[20, 24, 29, 11, 46]
[19, 12, 22, 24, 47]
[24, 14, 18, 27, 48]
[20, 22, 17, 19, 49]
[18, 25, 12, 23, 50]
[13, 25, 19, 27, 51]
[16, 21, 27, 22, 52]
[28, 25, 10, 19, 53]
[29, 21, 14, 19, 54]
[15, 18, 18, 29, 55]
[15, 13, 27, 23, 56]
[17, 29, 15, 25, 57]
[23, 14, 27, 12, 58]
[10, 20, 11, 10, 59]
[17, 16, 15, 21, 60]
[11, 18, 26, 23, 61]
[15, 26, 24, 26, 62]
[10, 24, 12, 16, 63]
[26, 12, 18, 21, 64]
[17, 22, 25, 25, 65]
[29, 20, 10, 23, 66]
[25, 19, 23, 22, 67]
[23, 17, 26, 28, 68]
[27, 13, 25, 12, 69]
[27, 11, 16, 29, 70]
[20, 16, 20, 29, 30]
[29, 10, 11, 20, 31]
[28, 11, 21, 13, 32]
[14, 12, 14, 23, 33]
[25, 28, 22, 27, 34]
[28, 23, 11, 26, 35]
[25, 25, 17, 19, 36]
[25, 18, 28, 18, 37]
[18, 11, 10, 12, 38]
[17, 11, 29, 27, 39]
[12, 14, 19, 18, 40]
[18, 27, 23, 17, 41]
[10, 26, 29, 23, 42]
[12, 19, 16, 26, 43]
[14, 19, 26, 22, 44]
[14, 13, 21, 26, 45]
[29, 26, 17, 13, 46]
[15, 17, 25, 13, 47]
[22, 25, 12, 13, 48]
[29, 20, 21, 21, 49]
[18, 26, 27, 28, 50]
[28, 14, 11, 15, 51]
[14, 26, 14, 20, 52]
[18, 29, 15, 16, 53]
[12, 19, 14, 27, 54]
[23, 29, 25, 12, 55]
[15, 22, 29, 11, 56]
[23, 12, 21, 29, 57]
[27, 25, 26, 17, 58]
[20, 10, 17, 26, 59]
[12, 24, 26, 18, 60]
[22, 23, 16, 17, 61]
[18, 26, 19, 14, 62]
[16, 16, 12, 29, 63]
[12, 20, 11, 21, 64]
[14, 20, 14, 15, 65]
[22, 11, 12, 13, 66]
[25, 14, 17, 25, 67]
[25, 23, 17, 26, 68]
[13, 10, 29, 23, 69]
[16, 23, 14, 29, 70]
[23, 27, 17, 21, 30]
[26, 11, 20, 22, 31]
[21, 27, 17, 26, 32]
[25, 12, 15, 26, 33]
[18, 25, 22, 19, 34]
[16, 21, 21, 24, 35]
[12, 29, 25, 22, 36]
[28, 15, 15, 19, 37]
[22, 26, 16, 17, 38]
[26, 22, 15, 28, 39]
[19, 28, 26, 12, 40]
[10, 27, 22, 25, 41]
[20, 13, 29, 27, 42]
[23, 21, 15, 17, 43]
[14, 11, 10, 29, 44]
[24, 29, 27, 23, 45]
[11, 13, 10, 18, 46]
[22, 14, 27, 16, 47]
[16, 10, 23, 12, 48]
[25, 23, 26, 21, 49]
[12, 19, 23, 22, 50]
[28, 24, 16, 22, 51]
[13, 24, 27, 15, 52]
[13, 15, 26, 27, 53]
[29, 18, 28, 21, 54]
[16, 10, 11, 19, 55]
[26, 12, 24, 14, 56]
[13, 19, 11, 28, 57]
[13, 17, 17, 21, 58]
[13, 15, 19, 15, 59]
[29, 27, 28, 23, 60]
[29, 18, 13, 27, 61]
[12, 23, 10, 13, 62]
[15, 10, 12, 15, 63]
[17, 14, 15, 24, 64]
[13, 27, 22, 29, 65]
[22, 15, 17, 21, 66]
[25, 19, 15, 23, 67]
[23, 18, 26, 16, 68]
[20, 27, 21, 19, 69]
[16, 28, 10, 23, 70]
[15, 21, 16, 25, 30]
[21, 13, 21, 26, 31]
[12, 26, 13, 29, 32]
[11, 28, 16, 16, 33]
[27, 13, 12, 11, 34]
[12, 27, 21, 22, 35]
[25, 26, 12, 20, 36]
[19, 14, 18, 18, 37]
[19, 25, 18, 19, 38]
[22, 29, 16, 15, 39]
[25, 15, 21, 26, 40]
[24, 28, 29, 12, 41]
[28, 20, 24, 11, 42]
[10, 11, 13, 13, 43]
[19, 26, 22, 19, 44]
[20, 28, 19, 26, 45]
[10, 13, 15, 14, 46]
[10, 21, 10, 13, 47]
[13, 14, 12, 21, 48]
[23, 19, 10, 18, 49]
[14, 16, 22, 12, 50]
[12, 13, 20, 11, 51]
[14, 19, 28, 25, 52]
[27, 16, 22, 11, 53]
[13, 13, 12, 21, 54]
[15, 22, 11, 10, 55]
[23, 26, 24, 25, 56]
[20, 12, 17, 13, 57]
[16, 24, 29, 27, 58]
[16, 21, 14, 21, 59]
[14, 25, 22, 20, 60]
[16, 25, 11, 12, 61]
[28, 21, 21, 27, 62]
[28, 19, 20, 12, 63]
[26, 23, 27, 18, 64]
[10, 28, 24, 21, 65]
[26, 19, 17, 13, 66]
[19, 20, 13, 17, 67]
[21, 26, 26, 28, 68]
[15, 24, 26, 21, 69]
[17, 21, 14, 28, 70]
