[19, 74, 11, 82, 30]
[27, 89, 87, 12, 31]
[73, 25, 11, 80, 32]
[20, 87, 74, 10, 33]
[87, 21, 23, 84, 34]
[90, 86, 29, 25, 35]
[81, 15, 22, 73, 36]
[74, 24, 14, 82, 37]
[18, 90, 73, 14, 38]
[84, 17, 27, 87, 39]
[26, 19, 71, 85, 40]
[20, 23, 74, 85, 41]
[11, 83, 82, 29, 42]
[19, 74, 85, 18, 43]
[12, 27, 81, 71, 44]
[71, 29, 76, 10, 45]
[71, 22, 87, 11, 46]
[25, 90, 76, 29, 47]
[88, 80, 20, 17, 48]
[89, 19, 71, 16, 49]
[22, 80, 77, 25, 50]
[12, 71, 10, 90, 51]
[27, 75, 74, 12, 52]
[26, 10, 89, 80, 53]
[28, 73, 74, 12, 54]
[77, 26, 77, 25, 55]
[29, 18, 78, 77, 56]
[16, 85, 73, 17, 57]
[75, 18, 79, 17, 58]
[17, 19, 89, 74, 59]
[12, 28, 87, 83, 60]
[27, 76, 27, 78, 61]
[81, 76, 23, 27, 62]
[81, 20, 86, 15, 63]
[27, 80, 90, 28, 64]
[29, 71, 79, 24, 65]
[24, 87, 78, 25, 66]
[86, 17, 87, 22, 67]
[18, 88, 24, 81, 68]
[73, 90, 21, 15, 69]
[74, 87, 17, 25, 70]
[89, 16, 74, 11, 30]
[89, 14, 17, 88, 31]
[26, 18, 88, 84, 32]
[17, 23, 86, 78, 33]
[73, 21, 20, 74, 34]
[89, 28, 29, 86, 35]
[79, 71, 20, 16, 36]
[73, 28, 88, 14, 37]
[14, 83, 18, 89, 38]
[20, 72, 18, 89, 39]
[12, 80, 21, 71, 40]
[19, 71, 19, 85, 41]
[25, 80, 29, 72, 42]
[24, 20, 90, 78, 43]
[80, 29, 89, 28, 44]
[26, 11, 90, 86, 45]
[15, 87, 85, 21, 46]
[72, 27, 84, 20, 47]
[27, 82, 21, 82, 48]
[27, 26, 88, 76, 49]
[11, 73, 22, 78, 50]
[76, 15, 89, 20, 51]
[15, 89, 80, 27, 52]
[23, 24, 78, 85, 53]
[28, 25, 78, 90, 54]
[12, 78, 79, 13, 55]
[87, 17, 10, 73, 56]
[77, 18, 11, 76, 57]
[24, 81, 14, 74, 58]
[28, 81, 23, 73, 59]
[81, 16, 77, 27, 60]
[75, 25, 10, 80, 61]
[17, 82, 23, 86, 62]
[16, 81, 86, 20, 63]
[27, 74, 17, 80, 64]
[29, 85, 28, 76, 65]
[74, 88, 22, 21, 66]
[28, 85, 79, 23, 67]
[20, 21, 71, 81, 68]
[16, 86, 84, 24, 69]
[11, 78, 79, 12, 70]
[74, 27, 72, 19, 30]
[27, 28, 89, 71, 31]
[26, 71, 89, 18, 32]
[22, 88, 88, 15, 33]
[27, 83, 79, 19, 34]
[19, 82, 20, 84, 35]
[71, 77, 12, 20, 36]
[26, 83, 82, 11, 37]
[89, 16, 90, 16, 38]
[74, 10, 83, 14, 39]
[13, 14, 76, 76, 40]
[89, 22, 82, 26, 41]
[22, 88, 89, 25, 42]
[87, 26, 18, 76, 43]
[16, 71, 89, 25, 44]
[20, 90, 87, 19, 45]
[11, 86, 73, 12, 46]
[24, 15, 72, 88, 47]
[76, 20, 83, 19, 48]
[20, 19, 87, 83, 49]
[14, 80, 75, 20, 50]
[82, 73, 16, 11, 51]
[79, 25, 88, 19, 52]
[78, 24, 16, 87, 53]
[82, 15, 12, 89, 54]
[84, 19, 77, 17, 55]
[82, 17, 18, 83, 56]
[21, 14, 81, 90, 57]
[16, 84, 23, 74, 58]
[14, 81, 85, 21, 59]
[86, 15, 19, 75, 60]
[74, 90, 18, 25, 61]
[14, 79, 88, 17, 62]
[73, 17, 72, 16, 63]
[12, 19, 73, 72, 64]
[75, 85, 29, 23, 65]
[20, 74, 76, 17, 66]
[13, 72, 21, 90, 67]
[16, 87, 78, 27, 68]
[14, 21, 80, 76, 69]
[13, 81, 25, 81, 70]
[18, 21, 74, 77, 30]
[89, 28, 16, 79, 31]
[89, 88, 22, 11, 32]
[25, 90, 13, 90, 33]
[82, 14, 82, 18, 34]
[76, 84, 16, 29, 35]
[17, 87, 83, 20, 36]
[79, 89, 27, 25, 37]
[88, 11, 19, 73, 38]
[23, 19, 79, 85, 39]
[16, 74, 87, 10, 40]
[71, 14, 76, 26, 41]
[88, 24, 87, 10, 42]
[85, 71, 18, 27, 43]
[83, 82, 24, 20, 44]
[24, 77, 19, 79, 45]
[73, 73, 28, 25, 46]
[72, 74, 18, 24, 47]
[29, 72, 16, 78, 48]
[84, 12, 71, 12, 49]
[82, 25, 10, 84, 50]
[22, 75, 14, 82, 51]
[10, 71, 29, 71, 52]
[22, 17, 72, 76, 53]
[18, 79, 82, 29, 54]
[90, 25, 86, 27, 55]
[20, 90, 89, 10, 56]
[27, 74, 88, 26, 57]
[14, 17, 72, 74, 58]
[16, 88, 14, 73, 59]
[90, 15, 25, 88, 60]
[82, 12, 29, 86, 61]
[26, 83, 86, 20, 62]
[80, 20, 75, 24, 63]
[84, 24, 88, 27, 64]
[75, 80, 26, 19, 65]
[17, 72, 73, 25, 66]
[81, 84, 23, 23, 67]
[19, 90, 10, 73, 68]
[74, 10, 73, 24, 69]
[23, 75, 10, 82, 70]
[84, 27, 83, 11, 30]
[14, 83, 20, 78, 31]
[90, 77, 18, 29, 32]
[19, 24, 88, 84, 33]
[22, 86, 12, 83, 34]
[82, 73, 29, 11, 35]
[81, 10, 13, 86, 36]
[19, 74, 89, 12, 37]
[73, 12, 28, 72, 38]
[12, 82, 14, 86, 39]
[74, 15, 23, 72, 40]
[73, 26, 12, 88, 41]
[82, 27, 18, 85, 42]
[79, 28, 72, 15, 43]
[15, 85, 23, 79, 44]
[83, 27, 10, 76, 45]
[16, 73, 14, 86, 46]
[90, 22, 83, 11, 47]
[77, 71, 14, 15, 48]
[19, 81, 22, 81, 49]
[78, 18, 20, 75, 50]
[18, 72, 16, 86, 51]
[13, 90, 84, 22, 52]
[20, 11, 75, 78, 53]
[71, 72, 28, 14, 54]
[23, 12, 78, 86, 55]
[77, 28, 88, 28, 56]
[89, 90, 10, 29, 57]
[13, 78, 77, 13, 58]
[22, 88, 15, 74, 59]
[26, 79, 17, 76, 60]
[73, 11, 22, 76, 61]
[13, 23, 82, 78, 62]
[18, 77, 22, 74, 63]
[78, 79, 20, 27, 64]
[86, 17, 81, 22, 65]
[17, 27, 72, 82, 66]
[24, 77, 15, 72, 67]
[13, 90, 26, 74, 68]
[85, 26, 21, 71, 69]
[19, 78, 19, 75, 70]
[86, 86, 16, 15, 30]
[21, 83, 86, 25, 31]
[81, 24, 15, 77, 32]
[22, 74, 81, 28, 33]
[26, 77, 73, 24, 34]
[20, 87, 14, 86, 35]
[19, 90, 72, 12, 36]
[21, 19, 74, 72, 37]
[78, 82, 28, 10, 38]
[86, 27, 20, 86, 39]
[77, 16, 81, 17, 40]
[73, 72, 10, 22, 41]
[12, 77, 82, 19, 42]
[75, 90, 18, 20, 43]
[23, 25, 84, 90, 44]
[19, 83, 79, 29, 45]
[14, 83, 87, 22, 46]
[23, 81, 25, 72, 47]
[11, 84, 77, 19, 48]
[72, 28, 20, 81, 49]
[24, 14, 77, 90, 50]
[80, 20, 88, 25, 51]
[29, 76, 84, 13, 52]
[74, 22, 23, 80, 53]
[20, 85, 13, 81, 54]
[87, 74, 21, 14, 55]
[82, 80, 22, 24, 56]
[29, 88, 15, 80, 57]
[90, 76, 21, 17, 58]
[20, 85, 11, 90, 59]
[12, 86, 89, 22, 60]
[14, 86, 82, 14, 61]
[10, 11, 86, 89, 62]
[13, 13, 88, 74, 63]
[28, 11, 87, 84, 64]
[89, 18, 14, 74, 65]
[82, 81, 22, 21, 66]
[17, 87, 75, 12, 67]
[17, 90, 21, 72, 68]
[26, 75, 84, 28, 69]
[83, 75, 22, 16, 70]
[87, 25, 83, 21, 30]
[28, 78, 21, 78, 31]
[80, 15, 73, 12, 32]
[20, 10, 79, 71, 33]
[72, 22, 72, 12, 34]
[12, 88, 73, 25, 35]
[10, 76, 76, 22, 36]
[88, 13, 28, 74, 37]
[29, 87, 90, 16, 38]
[28, 10, 76, 71, 39]
[11, 24, 80, 87, 40]
[15, 23, 89, 73, 41]
[76, 13, 74, 28, 42]
[73, 75, 24, 22, 43]
[83, 86, 15, 16, 44]
[11, 71, 77, 13, 45]
[20, 74, 90, 25, 46]
[71, 19, 71, 24, 47]
[12, 82, 86, 17, 48]
[82, 27, 26, 76, 49]
[73, 17, 76, 18, 50]
[78, 15, 16, 72, 51]
[84, 20, 85, 29, 52]
[74, 28, 17, 84, 53]
[76, 18, 13, 79, 54]
[88, 24, 84, 15, 55]
[87, 76, 27, 20, 56]
[26, 71, 89, 24, 57]
[83, 80, 23, 19, 58]
[15, 83, 82, 14, 59]
[86, 22, 19, 85, 60]
[23, 71, 10, 90, 61]
[15, 87, 26, 77, 62]
[15, 72, 26, 72, 63]
[21, 83, 28, 74, 64]
[24, 82, 79, 16, 65]
[18, 14, 88, 87, 66]
[83, 12, 80, 20, 67]
[11, 71, 11, 84, 68]
[10, 12, 84, 74, 69]
[19, 89, 74, 17, 70]
[73, 78, 28, 24, 30]
[10, 84, 89, 26, 31]
[21, 78, 29, 71, 32]
[28, 77, 14, 76, 33]
[85, 78, 25, 24, 34]
[12, 74, 74, 11, 35]
[25, 75, 10, 78, 36]
[16, 81, 72, 21, 37]
[84, 23, 78, 25, 38]
[89, 78, 27, 13, 39]
[22, 89, 13, 71, 40]
[90, 81, 28, 23, 41]
[14, 89, 22, 83, 42]
[18, 71, 20, 81, 43]
[25, 17, 88, 82, 44]
[89, 86, 13, 20, 45]
[15, 73, 90, 15, 46]
[84, 13, 83, 28, 47]
[84, 18, 82, 27, 48]
[88, 86, 25, 24, 49]
[76, 85, 19, 10, 50]
[27, 23, 75, 85, 51]
[74, 13, 25, 76, 52]
[26, 80, 18, 82, 53]
[11, 22, 78, 71, 54]
[73, 78, 28, 21, 55]
[14, 23, 71, 73, 56]
[17, 89, 86, 15, 57]
[11, 82, 12, 77, 58]
[87, 21, 85, 17, 59]
[79, 82, 17, 23, 60]
[81, 10, 11, 71, 61]
[24, 76, 87, 23, 62]
[11, 15, 79, 86, 63]
[18, 86, 22, 89, 64]
[73, 29, 78, 20, 65]
[86, 89, 27, 11, 66]
[22, 11, 79, 75, 67]
[82, 13, 77, 12, 68]
[89, 24, 90, 20, 69]
[80, 16, 19, 76, 70]
[27, 90, 71, 24, 30]
[14, 90, 75, 11, 31]
[82, 26, 28, 84, 32]
[89, 28, 10, 74, 33]
[84, 21, 76, 15, 34]
[20, 29, 89, 74, 35]
[90, 78, 11, 17, 36]
[14, 88, 25, 74, 37]
[24, 82, 74, 10, 38]
[18, 14, 82, 72, 39]
[88, 23, 89, 29, 40]
[85, 78, 27, 26, 41]
[80, 75, 16, 25, 42]
[78, 10, 10, 82, 43]
[22, 26, 77, 79, 44]
[79, 21, 14, 71, 45]
[89, 13, 22, 86, 46]
[13, 80, 87, 24, 47]
[81, 24, 71, 21, 48]
[73, 27, 10, 84, 49]
[12, 71, 20, 81, 50]
[22, 19, 81, 79, 51]
[15, 80, 19, 71, 52]
[87, 17, 10, 80, 53]
[72, 26, 80, 14, 54]
[24, 75, 22, 79, 55]
[25, 74, 74, 15, 56]
[27, 20, 71, 79, 57]
[79, 25, 81, 13, 58]
[71, 87, 18, 22, 59]
[72, 29, 81, 18, 60]
[72, 13, 72, 16, 61]
[78, 90, 12, 12, 62]
[76, 12, 74, 28, 63]
[90, 13, 73, 25, 64]
[75, 72, 23, 17, 65]
[87, 74, 18, 26, 66]
[87, 26, 24, 78, 67]
[27, 85, 15, 78, 68]
[71, 11, 17, 74, 69]
[20, 73, 77, 11, 70]
[20, 81, 85, 16, 30]
[83, 29, 72, 18, 31]
[24, 25, 86, 75, 32]
[74, 26, 78, 14, 33]
[84, 29, 83, 26, 34]
[29, 90, 25, 79, 35]
[80, 25, 23, 72, 36]
[19, 88, 89, 23, 37]
[81, 15, 17, 75, 38]
[26, 83, 14, 75, 39]
[77, 83, 26, 22, 40]
[79, 14, 88, 10, 41]
[88, 19, 24, 72, 42]
[20, 83, 16, 88, 43]
[76, 73, 12, 23, 44]
[25, 16, 73, 77, 45]
[78, 11, 77, 12, 46]
[76, 27, 74, 24, 47]
[86, 18, 22, 77, 48]
[83, 72, 13, 23, 49]
[19, 90, 26, 82, 50]
[19, 81, 25, 78, 51]
[87, 79, 15, 13, 52]
[11, 14, 71, 83, 53]
[13, 22, 71, 75, 54]
[29, 73, 20, 78, 55]
[87, 19, 23, 88, 56]
[72, 28, 86, 16, 57]
[75, 26, 74, 22, 58]
[74, 17, 73, 18, 59]
[11, 12, 74, 89, 60]
[15, 28, 76, 78, 61]
[20, 87, 17, 84, 62]
[72, 12, 26, 79, 63]
[84, 86, 26, 20, 64]
[79, 74, 27, 28, 65]
[73, 23, 14, 86, 66]
[83, 87, 24, 13, 67]
[90, 82, 21, 23, 68]
[13, 72, 11, 85, 69]
[10, 77, 80, 26, 70]
