[24, 17, 77, 73, 30]
[15, 81, 76, 11, 31]
[21, 16, 80, 89, 32]
[90, 71, 14, 20, 33]
[76, 29, 11, 89, 34]
[19, 16, 88, 71, 35]
[71, 19, 27, 80, 36]
[72, 73, 21, 25, 37]
[23, 82, 26, 83, 38]
[23, 89, 81, 28, 39]
[17, 87, 22, 77, 40]
[81, 11, 18, 72, 41]
[76, 11, 16, 74, 42]
[81, 24, 79, 13, 43]
[20, 90, 27, 83, 44]
[71, 88, 20, 11, 45]
[86, 22, 85, 13, 46]
[89, 13, 26, 84, 47]
[80, 27, 73, 26, 48]
[82, 12, 78, 22, 49]
[88, 80, 15, 26, 50]
[86, 10, 22, 73, 51]
[77, 87, 20, 19, 52]
[82, 26, 78, 25, 53]
[15, 90, 13, 82, 54]
[73, 86, 20, 10, 55]
[13, 78, 72, 24, 56]
[20, 87, 10, 89, 57]
[23, 19, 73, 74, 58]
[21, 85, 90, 16, 59]
[29, 72, 86, 15, 60]
[23, 10, 74, 83, 61]
[17, 72, 12, 82, 62]
[16, 23, 77, 90, 63]
[74, 15, 80, 25, 64]
[25, 81, 81, 15, 65]
[11, 84, 81, 24, 66]
[79, 29, 73, 24, 67]
[10, 26, 74, 72, 68]
[72, 18, 19, 74, 69]
[72, 14, 88, 29, 70]
[19, 28, 72, 81, 30]
[22, 82, 83, 21, 31]
[75, 16, 16, 80, 32]
[26, 88, 86, 22, 33]
[29, 16, 82, 89, 34]
[82, 28, 75, 17, 35]
[87, 90, 18, 10, 36]
[85, 78, 12, 24, 37]
[27, 75, 24, 71, 38]
[10, 15, 81, 83, 39]
[74, 24, 23, 83, 40]
[83, 19, 10, 74, 41]
[89, 84, 18, 22, 42]
[71, 17, 24, 82, 43]
[86, 79, 20, 29, 44]
[27, 77, 22, 89, 45]
[90, 24, 77, 16, 46]
[77, 71, 19, 15, 47]
[74, 83, 10, 21, 48]
[87, 15, 13, 82, 49]
[82, 25, 77, 25, 50]
[76, 25, 13, 86, 51]
[28, 85, 72, 22, 52]
[85, 16, 77, 12, 53]
[25, 15, 76, 87, 54]
[16, 89, 82, 14, 55]
[71, 74, 11, 15, 56]
[85, 15, 88, 16, 57]
[13, 77, 87, 10, 58]
[72, 11, 19, 71, 59]
[84, 29, 18, 77, 60]
[83, 90, 12, 11, 61]
[74, 21, 15, 80, 62]
[84, 14, 18, 89, 63]
[81, 13, 17, 77, 64]
[84, 27, 77, 18, 65]
[73, 75, 22, 17, 66]
[12, 83, 82, 17, 67]
[77, 86, 22, 12, 68]
[80, 24, 72, 14, 69]
[17, 88, 76, 28, 70]
[87, 78, 26, 18, 30]
[15, 72, 21, 71, 31]
[88, 86, 19, 24, 32]
[17, 77, 90, 22, 33]
[11, 73, 23, 71, 34]
[17, 17, 73, 82, 35]
[76, 23, 74, 17, 36]
[81, 78, 12, 25, 37]
[72, 23, 85, 15, 38]
[82, 21, 17, 89, 39]
[75, 75, 25, 16, 40]
[16, 79, 84, 11, 41]
[27, 80, 88, 15, 42]
[88, 78, 20, 20, 43]
[14, 78, 89, 10, 44]
[87, 17, 21, 76, 45]
[25, 78, 15, 85, 46]
[89, 13, 10, 87, 47]
[73, 20, 19, 78, 48]
[82, 21, 71, 22, 49]
[89, 21, 22, 78, 50]
[90, 29, 83, 29, 51]
[85, 10, 76, 14, 52]
[11, 74, 82, 27, 53]
[26, 83, 18, 86, 54]
[10, 88, 85, 17, 55]
[89, 28, 23, 74, 56]
[86, 11, 16, 73, 57]
[73, 28, 21, 72, 58]
[29, 72, 21, 85, 59]
[81, 86, 24, 17, 60]
[83, 88, 16, 28, 61]
[15, 72, 71, 23, 62]
[77, 89, 13, 25, 63]
[16, 17, 76, 85, 64]
[77, 17, 90, 26, 65]
[84, 11, 18, 74, 66]
[75, 16, 86, 12, 67]
[15, 17, 71, 89, 68]
[71, 90, 11, 10, 69]
[88, 10, 79, 20, 70]
[85, 86, 13, 13, 30]
[88, 24, 16, 86, 31]
[87, 89, 23, 21, 32]
[19, 25, 76, 74, 33]
[26, 79, 28, 74, 34]
[13, 16, 81, 77, 35]
[90, 74, 12, 20, 36]
[81, 90, 26, 23, 37]
[75, 15, 83, 12, 38]
[81, 73, 23, 12, 39]
[15, 87, 29, 71, 40]
[85, 87, 19, 16, 41]
[20, 79, 10, 85, 42]
[17, 90, 27, 78, 43]
[26, 74, 21, 73, 44]
[28, 86, 26, 87, 45]
[23, 20, 84, 77, 46]
[28, 10, 73, 89, 47]
[15, 19, 78, 87, 48]
[24, 86, 15, 73, 49]
[24, 79, 29, 87, 50]
[25, 86, 76, 16, 51]
[74, 21, 81, 17, 52]
[82, 19, 18, 78, 53]
[76, 73, 16, 21, 54]
[87, 14, 11, 80, 55]
[88, 12, 89, 26, 56]
[25, 16, 83, 73, 57]
[25, 80, 10, 89, 58]
[82, 73, 14, 17, 59]
[12, 77, 18, 73, 60]
[25, 73, 24, 81, 61]
[17, 25, 78, 79, 62]
[75, 11, 22, 77, 63]
[77, 27, 79, 17, 64]
[75, 19, 19, 85, 65]
[16, 20, 88, 79, 66]
[77, 26, 84, 19, 67]
[83, 79, 17, 22, 68]
[76, 83, 25, 14, 69]
[80, 74, 27, 24, 70]
[81, 21, 25, 90, 30]
[79, 20, 16, 90, 31]
[79, 21, 22, 75, 32]
[20, 88, 24, 73, 33]
[83, 10, 73, 17, 34]
[21, 84, 26, 78, 35]
[72, 13, 74, 21, 36]
[26, 78, 87, 13, 37]
[72, 83, 27, 12, 38]
[17, 28, 83, 84, 39]
[10, 13, 74, 86, 40]
[16, 29, 79, 85, 41]
[13, 84, 78, 24, 42]
[22, 89, 77, 29, 43]
[84, 27, 79, 16, 44]
[27, 17, 88, 86, 45]
[10, 79, 87, 23, 46]
[19, 82, 14, 85, 47]
[20, 85, 81, 13, 48]
[87, 20, 23, 86, 49]
[73, 79, 27, 22, 50]
[19, 27, 80, 77, 51]
[74, 14, 79, 28, 52]
[19, 16, 85, 89, 53]
[14, 22, 76, 73, 54]
[85, 18, 82, 12, 55]
[84, 14, 89, 11, 56]
[22, 25, 90, 81, 57]
[16, 71, 19, 77, 58]
[79, 10, 73, 11, 59]
[86, 21, 75, 19, 60]
[87, 73, 27, 17, 61]
[13, 21, 74, 82, 62]
[19, 20, 87, 82, 63]
[81, 24, 72, 12, 64]
[17, 18, 87, 88, 65]
[81, 13, 77, 21, 66]
[12, 14, 81, 80, 67]
[90, 14, 11, 87, 68]
[78, 22, 73, 25, 69]
[15, 73, 76, 13, 70]
[76, 26, 87, 11, 30]
[72, 11, 25, 78, 31]
[80, 14, 77, 17, 32]
[90, 77, 20, 11, 33]
[88, 22, 88, 22, 34]
[15, 77, 27, 89, 35]
[13, 86, 11, 80, 36]
[72, 28, 80, 12, 37]
[89, 12, 28, 74, 38]
[27, 86, 81, 22, 39]
[13, 18, 81, 82, 40]
[23, 27, 74, 88, 41]
[23, 25, 77, 76, 42]
[88, 21, 89, 16, 43]
[29, 73, 71, 27, 44]
[17, 75, 17, 71, 45]
[10, 73, 15, 81, 46]
[21, 87, 26, 89, 47]
[14, 90, 87, 28, 48]
[21, 18, 85, 87, 49]
[77, 85, 12, 19, 50]
[28, 89, 17, 90, 51]
[90, 90, 20, 11, 52]
[79, 15, 78, 22, 53]
[12, 85, 80, 27, 54]
[89, 16, 79, 27, 55]
[83, 26, 86, 11, 56]
[10, 20, 79, 76, 57]
[73, 84, 14, 14, 58]
[78, 71, 15, 18, 59]
[81, 24, 88, 27, 60]
[25, 72, 89, 18, 61]
[78, 77, 14, 26, 62]
[88, 23, 23, 77, 63]
[77, 18, 19, 74, 64]
[79, 17, 71, 13, 65]
[22, 72, 89, 10, 66]
[80, 23, 78, 17, 67]
[71, 85, 18, 16, 68]
[24, 74, 73, 13, 69]
[82, 73, 14, 13, 70]
[14, 74, 16, 76, 30]
[26, 86, 83, 26, 31]
[83, 17, 17, 83, 32]
[21, 87, 19, 75, 33]
[24, 85, 21, 80, 34]
[71, 14, 86, 15, 35]
[72, 17, 87, 12, 36]
[77, 77, 22, 15, 37]
[24, 85, 14, 76, 38]
[71, 16, 28, 90, 39]
[29, 87, 25, 79, 40]
[80, 29, 19, 71, 41]
[12, 20, 90, 82, 42]
[80, 86, 17, 26, 43]
[73, 26, 22, 76, 44]
[89, 78, 28, 13, 45]
[23, 77, 76, 19, 46]
[86, 23, 90, 23, 47]
[86, 11, 75, 29, 48]
[83, 15, 77, 26, 49]
[27, 73, 25, 78, 50]
[17, 73, 71, 21, 51]
[20, 20, 71, 77, 52]
[74, 78, 27, 15, 53]
[20, 85, 27, 84, 54]
[71, 84, 16, 17, 55]
[76, 87, 25, 25, 56]
[81, 27, 19, 86, 57]
[19, 73, 29, 72, 58]
[13, 23, 77, 82, 59]
[12, 90, 79, 12, 60]
[15, 77, 23, 83, 61]
[11, 24, 73, 79, 62]
[76, 21, 84, 17, 63]
[16, 73, 80, 27, 64]
[82, 80, 26, 29, 65]
[87, 14, 88, 19, 66]
[76, 16, 82, 27, 67]
[76, 80, 23, 17, 68]
[76, 81, 28, 29, 69]
[25, 80, 17, 81, 70]
[29, 73, 82, 13, 30]
[27, 17, 79, 81, 31]
[16, 71, 13, 83, 32]
[22, 72, 83, 29, 33]
[78, 13, 88, 17, 34]
[79, 28, 73, 22, 35]
[77, 22, 28, 76, 36]
[25, 85, 89, 11, 37]
[24, 81, 22, 87, 38]
[13, 72, 28, 73, 39]
[77, 86, 26, 18, 40]
[71, 72, 22, 17, 41]
[24, 87, 72, 23, 42]
[16, 17, 82, 74, 43]
[28, 21, 73, 78, 44]
[29, 77, 12, 74, 45]
[20, 78, 20, 80, 46]
[29, 86, 26, 77, 47]
[22, 76, 87, 25, 48]
[78, 24, 17, 87, 49]
[19, 13, 74, 73, 50]
[26, 74, 90, 26, 51]
[85, 13, 76, 19, 52]
[84, 17, 25, 84, 53]
[88, 27, 29, 73, 54]
[29, 88, 76, 16, 55]
[84, 11, 84, 12, 56]
[21, 85, 24, 76, 57]
[10, 84, 20, 74, 58]
[73, 27, 73, 22, 59]
[87, 19, 19, 77, 60]
[21, 74, 73, 27, 61]
[20, 85, 18, 73, 62]
[16, 16, 86, 72, 63]
[28, 81, 28, 77, 64]
[23, 76, 75, 10, 65]
[86, 14, 26, 81, 66]
[10, 18, 80, 83, 67]
[78, 76, 10, 15, 68]
[75, 15, 88, 16, 69]
[10, 87, 23, 83, 70]
[16, 88, 89, 20, 30]
[29, 13, 71, 77, 31]
[22, 21, 87, 85, 32]
[24, 22, 71, 81, 33]
[27, 85, 13, 79, 34]
[78, 86, 27, 11, 35]
[10, 17, 87, 90, 36]
[71, 27, 25, 73, 37]
[15, 16, 88, 74, 38]
[21, 81, 21, 71, 39]
[90, 85, 20, 14, 40]
[82, 78, 10, 19, 41]
[85, 24, 21, 89, 42]
[24, 88, 72, 12, 43]
[19, 89, 20, 73, 44]
[90, 82, 14, 19, 45]
[23, 84, 77, 20, 46]
[77, 11, 29, 73, 47]
[12, 86, 86, 20, 48]
[22, 19, 77, 81, 49]
[80, 25, 17, 79, 50]
[75, 73, 16, 11, 51]
[79, 22, 24, 75, 52]
[71, 73, 11, 16, 53]
[77, 18, 16, 85, 54]
[77, 13, 83, 12, 55]
[76, 18, 25, 86, 56]
[88, 21, 16, 80, 57]
[21, 73, 24, 73, 58]
[12, 13, 79, 87, 59]
[71, 11, 86, 24, 60]
[83, 22, 14, 82, 61]
[12, 85, 72, 17, 62]
[87, 79, 26, 19, 63]
[16, 84, 75, 25, 64]
[86, 82, 10, 27, 65]
[12, 21, 75, 81, 66]
[10, 83, 74, 25, 67]
[89, 19, 12, 85, 68]
[22, 74, 20, 74, 69]
[84, 82, 22, 11, 70]
[89, 21, 20, 74, 30]
[82, 71, 20, 15, 31]
[16, 74, 90, 25, 32]
[74, 17, 28, 74, 33]
[78, 75, 28, 24, 34]
[76, 72, 20, 22, 35]
[26, 87, 10, 82, 36]
[71, 29, 17, 87, 37]
[21, 75, 81, 14, 38]
[29, 87, 22, 82, 39]
[12, 74, 85, 12, 40]
[25, 28, 79, 77, 41]
[25, 12, 86, 81, 42]
[83, 26, 77, 27, 43]
[27, 27, 72, 80, 44]
[16, 81, 71, 29, 45]
[22, 24, 75, 87, 46]
[21, 26, 71, 78, 47]
[87, 12, 25, 79, 48]
[74, 29, 27, 74, 49]
[22, 78, 76, 28, 50]
[84, 87, 27, 14, 51]
[27, 76, 22, 89, 52]
[75, 74, 10, 11, 53]
[79, 85, 10, 24, 54]
[19, 89, 14, 81, 55]
[88, 21, 73, 13, 56]
[73, 17, 19, 75, 57]
[29, 84, 19, 81, 58]
[72, 14, 78, 18, 59]
[84, 28, 22, 86, 60]
[19, 90, 85, 29, 61]
[73, 74, 19, 27, 62]
[84, 27, 21, 71, 63]
[13, 23, 86, 82, 64]
[84, 18, 27, 71, 65]
[12, 12, 76, 78, 66]
[13, 18, 89, 85, 67]
[17, 78, 16, 84, 68]
[84, 89, 17, 13, 69]
[84, 24, 75, 26, 70]
