[23, 21, 17, 20, 30]
[26, 21, 23, 28, 31]
[22, 16, 14, 13, 32]
[20, 27, 10, 25, 33]
[20, 21, 12, 26, 34]
[14, 26, 29, 22, 35]
[23, 22, 28, 28, 36]
[23, 12, 22, 17, 37]
[15, 15, 13, 18, 38]
[21, 17, 25, 26, 39]
[12, 17, 11, 25, 40]
[28, 10, 24, 28, 41]
[28, 14, 13, 25, 42]
[29, 13, 23, 19, 43]
[29, 17, 10, 26, 44]
[14, 25, 28, 19, 45]
[19, 25, 11, 28, 46]
[25, 24, 27, 28, 47]
[12, 15, 11, 12, 48]
[24, 26, 28, 17, 49]
[16, 21, 13, 27, 50]
[28, 15, 24, 26, 51]
[12, 22, 28, 23, 52]
[14, 12, 10, 29, 53]
[15, 18, 10, 11, 54]
[25, 29, 10, 13, 55]
[19, 22, 16, 20, 56]
[28, 19, 16, 27, 57]
[16, 26, 26, 10, 58]
[12, 25, 10, 27, 59]
[11, 16, 12, 10, 60]
[23, 16, 15, 22, 61]
[11, 22, 18, 15, 62]
[20, 18, 22, 29, 63]
[24, 21, 18, 16, 64]
[22, 14, 28, 21, 65]
[19, 10, 16, 20, 66]
[15, 17, 25, 15, 67]
[18, 12, 22, 24, 68]
[26, 16, 13, 25, 69]
[17, 18, 20, 28, 70]
[10, 23, 13, 29, 30]
[23, 22, 26, 20, 31]
[22, 11, 26, 12, 32]
[11, 16, 15, 11, 33]
[22, 23, 24, 15, 34]
[26, 15, 24, 24, 35]
[16, 16, 18, 12, 36]
[20, 18, 10, 25, 37]
[12, 26, 27, 27, 38]
[17, 11, 11, 27, 39]
[11, 14, 18, 21, 40]
[13, 28, 12, 10, 41]
[24, 10, 19, 27, 42]
[12, 19, 16, 10, 43]
[10, 17, 21, 15, 44]
[23, 27, 15, 12, 45]
[23, 16, 25, 19, 46]
[17, 26, 26, 28, 47]
[25, 23, 11, 18, 48]
[25, 26, 14, 20, 49]
[15, 22, 28, 14, 50]
[14, 25, 14, 17, 51]
[15, 23, 21, 15, 52]
[13, 18, 16, 18, 53]
[21, 24, 28, 28, 54]
[18, 23, 22, 12, 55]
[14, 10, 11, 12, 56]
[18, 21, 19, 23, 57]
[25, 19, 19, 10, 58]
[13, 29, 16, 22, 59]
[14, 13, 19, 16, 60]
[12, 21, 22, 19, 61]
[27, 10, 21, 28, 62]
[25, 18, 12, 15, 63]
[27, 26, 18, 16, 64]
[12, 11, 19, 21, 65]
[20, 28, 21, 25, 66]
[22, 19, 23, 24, 67]
[10, 13, 29, 18, 68]
[16, 15, 21, 29, 69]
[11, 13, 10, 17, 70]
[29, 23, 11, 24, 30]
[18, 10, 27, 16, 31]
[25, 29, 12, 26, 32]
[26, 29, 22, 13, 33]
[23, 20, 11, 20, 34]
[11, 14, 19, 13, 35]
[27, 15, 16, 28, 36]
[18, 18, 12, 22, 37]
[29, 14, 17, 16, 38]
[19, 17, 10, 16, 39]
[11, 16, 16, 18, 40]
[15, 17, 16, 23, 41]
[20, 20, 23, 27, 42]
[10, 16, 28, 23, 43]
[12, 28, 18, 18, 44]
[11, 19, 24, 22, 45]
[14, 24, 17, 18, 46]
[15, 26, 10, 25, 47]
[11, 18, 26, 29, 48]
[14, 12, 17, 13, 49]
[23, 22, 24, 10, 50]
[13, 22, 25, 18, 51]
[20, 21, 20, 17, 52]
[22, 28, 10, 15, 53]
[16, 21, 26, 15, 54]
[24, 19, 16, 26, 55]
[14, 28, 11, 23, 56]
[26, 18, 28, 23, 57]
[13, 12, 24, 12, 58]
[16, 13, 22, 14, 59]
[23, 27, 18, 15, 60]
[16, 27, 25, 25, 61]
[28, 20, 20, 14, 62]
[15, 19, 11, 15, 63]
[25, 18, 20, 18, 64]
[22, 13, 10, 10, 65]
[15, 29, 17, 28, 66]
[17, 11, 13, 18, 67]
[22, 29, 22, 12, 68]
[20, 16, 22, 28, 69]
[16, 10, 29, 11, 70]
[27, 18, 13, 14, 30]
[20, 24, 25, 15, 31]
[24, 12, 28, 17, 32]
[27, 25, 25, 25, 33]
[12, 19, 26, 13, 34]
[14, 28, 21, 28, 35]
[16, 13, 17, 11, 36]
[25, 18, 27, 23, 37]
[25, 17, 24, 17, 38]
[28, 24, 29, 13, 39]
[29, 10, 11, 26, 40]
[14, 12, 14, 22, 41]
[18, 12, 22, 15, 42]
[24, 28, 22, 23, 43]
[27, 18, 13, 24, 44]
[24, 26, 18, 12, 45]
[24, 15, 12, 18, 46]
[18, 14, 14, 17, 47]
[15, 16, 29, 26, 48]
[26, 22, 16, 13, 49]
[26, 11, 27, 11, 50]
[12, 27, 26, 19, 51]
[15, 22, 25, 25, 52]
[26, 12, 14, 18, 53]
[21, 22, 21, 11, 54]
[10, 26, 24, 29, 55]
[28, 21, 12, 26, 56]
[22, 19, 20, 24, 57]
[10, 18, 13, 14, 58]
[22, 13, 24, 13, 59]
[21, 24, 28, 15, 60]
[26, 12, 29, 29, 61]
[22, 22, 11, 23, 62]
[17, 22, 17, 28, 63]
[20, 24, 20, 16, 64]
[27, 12, 28, 16, 65]
[24, 17, 19, 23, 66]
[12, 21, 10, 25, 67]
[19, 16, 21, 16, 68]
[29, 21, 17, 27, 69]
[14, 20, 17, 28, 70]
[28, 16, 21, 21, 30]
[13, 23, 27, 22, 31]
[18, 24, 29, 15, 32]
[21, 26, 23, 10, 33]
[14, 27, 28, 22, 34]
[13, 18, 16, 23, 35]
[20, 27, 25, 22, 36]
[17, 19, 10, 16, 37]
[18, 20, 14, 14, 38]
[28, 15, 23, 23, 39]
[12, 28, 24, 10, 40]
[14, 16, 19, 14, 41]
[14, 19, 28, 25, 42]
[11, 24, 17, 26, 43]
[11, 26, 21, 28, 44]
[29, 11, 14, 24, 45]
[16, 21, 22, 25, 46]
[25, 12, 14, 11, 47]
[17, 19, 17, 29, 48]
[17, 18, 29, 24, 49]
[18, 16, 22, 20, 50]
[24, 11, 29, 18, 51]
[19, 20, 27, 21, 52]
[14, 24, 15, 24, 53]
[10, 18, 21, 11, 54]
[23, 29, 22, 20, 55]
[26, 29, 29, 27, 56]
[14, 14, 25, 16, 57]
[14, 24, 25, 10, 58]
[19, 17, 23, 11, 59]
[11, 12, 11, 20, 60]
[28, 28, 17, 29, 61]
[17, 17, 26, 21, 62]
[18, 16, 26, 23, 63]
[24, 22, 10, 14, 64]
[10, 24, 13, 18, 65]
[20, 12, 16, 22, 66]
[12, 17, 15, 17, 67]
[26, 24, 14, 24, 68]
[25, 10, 16, 16, 69]
[16, 18, 21, 22, 70]
[19, 20, 19, 21, 30]
[25, 10, 28, 18, 31]
[12, 28, 27, 12, 32]
[12, 21, 25, 15, 33]
[21, 22, 25, 13, 34]
[23, 29, 25, 19, 35]
[28, 29, 18, 27, 36]
[20, 19, 28, 27, 37]
[14, 24, 20, 28, 38]
[12, 20, 16, 11, 39]
[21, 10, 11, 25, 40]
[24, 20, 21, 10, 41]
[25, 13, 13, 25, 42]
[28, 22, 26, 10, 43]
[23, 17, 24, 25, 44]
[10, 28, 29, 25, 45]
[21, 29, 22, 11, 46]
[17, 14, 13, 28, 47]
[17, 24, 12, 16, 48]
[21, 18, 16, 10, 49]
[23, 12, 13, 10, 50]
[13, 28, 17, 18, 51]
[19, 20, 24, 19, 52]
[26, 24, 29, 22, 53]
[12, 28, 11, 26, 54]
[11, 26, 23, 19, 55]
[19, 16, 29, 16, 56]
[19, 15, 28, 27, 57]
[25, 10, 14, 14, 58]
[23, 14, 22, 11, 59]
[13, 24, 20, 18, 60]
[18, 11, 24, 12, 61]
[13, 27, 17, 20, 62]
[22, 23, 29, 13, 63]
[24, 17, 23, 20, 64]
[16, 19, 28, 18, 65]
[26, 15, 11, 16, 66]
[16, 15, 27, 18, 67]
[23, 17, 23, 11, 68]
[29, 27, 14, 25, 69]
[10, 15, 27, 26, 70]
[25, 10, 29, 20, 30]
[13, 29, 12, 17, 31]
[18, 14, 20, 29, 32]
[18, 17, 12, 29, 33]
[13, 27, 27, 11, 34]
[18, 20, 11, 17, 35]
[24, 21, 26, 16, 36]
[18, 12, 20, 24, 37]
[14, 15, 26, 10, 38]
[10, 16, 13, 16, 39]
[27, 20, 18, 19, 40]
[11, 11, 23, 27, 41]
[15, 26, 19, 20, 42]
[22, 15, 10, 11, 43]
[16, 17, 25, 19, 44]
[27, 20, 21, 14, 45]
[23, 25, 23, 29, 46]
[25, 29, 20, 18, 47]
[18, 25, 17, 29, 48]
[19, 17, 16, 29, 49]
[23, 23, 10, 23, 50]
[10, 24, 14, 19, 51]
[21, 25, 18, 14, 52]
[25, 27, 18, 10, 53]
[15, 20, 28, 26, 54]
[18, 19, 11, 19, 55]
[22, 24, 13, 14, 56]
[23, 15, 28, 23, 57]
[12, 26, 23, 14, 58]
[11, 26, 26, 29, 59]
[27, 16, 13, 28, 60]
[20, 29, 14, 23, 61]
[17, 23, 24, 12, 62]
[20, 27, 28, 26, 63]
[22, 29, 22, 18, 64]
[12, 15, 22, 24, 65]
[25, 25, 19, 10, 66]
[27, 16, 29, 19, 67]
[10, 26, 19, 20, 68]
[19, 24, 11, 18, 69]
[27, 20, 13, 13, 70]
[13, 13, 29, 28, 30]
[29, 23, 11, 24, 31]
[14, 20, 23, 28, 32]
[28, 20, 14, 29, 33]
[13, 22, 28, 16, 34]
[16, 26, 12, 16, 35]
[14, 23, 13, 24, 36]
[26, 18, 23, 12, 37]
[15, 17, 19, 23, 38]
[22, 20, 12, 13, 39]
[20, 22, 16, 24, 40]
[21, 26, 23, 25, 41]
[21, 19, 15, 24, 42]
[18, 18, 22, 11, 43]
[23, 15, 26, 12, 44]
[16, 25, 10, 26, 45]
[15, 14, 20, 14, 46]
[18, 29, 23, 21, 47]
[18, 15, 25, 19, 48]
[16, 29, 17, 23, 49]
[19, 17, 26, 18, 50]
[13, 19, 23, 20, 51]
[25, 13, 26, 19, 52]
[21, 12, 11, 15, 53]
[17, 22, 21, 16, 54]
[28, 17, 10, 18, 55]
[20, 18, 16, 20, 56]
[17, 19, 23, 18, 57]
[23, 19, 16, 19, 58]
[17, 27, 18, 20, 59]
[28, 19, 19, 18, 60]
[12, 25, 15, 22, 61]
[23, 24, 15, 22, 62]
[14, 15, 29, 23, 63]
[25, 11, 12, 29, 64]
[24, 23, 26, 11, 65]
[16, 14, 20, 25, 66]
[21, 24, 24, 25, 67]
[20, 20, 23, 27, 68]
[27, 20, 23, 11, 69]
[27, 17, 29, 11, 70]
[24, 15, 25, 21, 30]
[18, 29, 15, 16, 31]
[28, 24, 21, 15, 32]
[29, 13, 25, 24, 33]
[29, 23, 20, 27, 34]
[26, 23, 18, 18, 35]
[20, 16, 11, 27, 36]
[29, 16, 16, 19, 37]
[24, 23, 10, 29, 38]
[14, 12, 18, 19, 39]
[21, 22, 12, 12, 40]
[25, 28, 12, 20, 41]
[23, 19, 15, 28, 42]
[23, 27, 20, 26, 43]
[13, 16, 11, 26, 44]
[19, 27, 10, 25, 45]
[26, 24, 15, 21, 46]
[15, 25, 17, 25, 47]
[14, 23, 21, 26, 48]
[16, 26, 22, 18, 49]
[15, 14, 25, 27, 50]
[20, 17, 21, 20, 51]
[16, 19, 27, 28, 52]
[21, 12, 13, 23, 53]
[29, 25, 16, 17, 54]
[19, 15, 14, 29, 55]
[29, 20, 27, 23, 56]
[13, 23, 28, 13, 57]
[10, 26, 17, 11, 58]
[14, 25, 12, 18, 59]
[11, 16, 26, 24, 60]
[27, 27, 28, 26, 61]
[13, 13, 12, 15, 62]
[19, 21, 17, 26, 63]
[10, 24, 29, 20, 64]
[12, 25, 22, 19, 65]
[18, 11, 17, 23, 66]
[19, 14, 22, 24, 67]
[14, 10, 17, 20, 68]
[14, 25, 13, 13, 69]
[13, 23, 17, 28, 70]
[28, 21, 18, 28, 30]
[11, 28, 12, 20, 31]
[29, 24, 22, 25, 32]
[14, 27, 27, 18, 33]
[22, 15, 15, 12, 34]
[18, 20, 18, 29, 35]
[12, 10, 18, 14, 36]
[17, 13, 18, 19, 37]
[28, 13, 18, 29, 38]
[19, 17, 20, 21, 39]
[22, 18, 14, 12, 40]
[29, 11, 28, 24, 41]
[17, 29, 10, 12, 42]
[28, 20, 15, 20, 43]
[28, 16, 16, 24, 44]
[22, 28, 14, 28, 45]
[23, 29, 23, 18, 46]
[24, 23, 21, 17, 47]
[27, 26, 25, 13, 48]
[23, 24, 25, 29, 49]
[12, 21, 29, 27, 50]
[19, 15, 24, 24, 51]
[20, 25, 16, 22, 52]
[13, 11, 23, 17, 53]
[15, 22, 18, 13, 54]
[29, 15, 26, 23, 55]
[25, 11, 25, 24, 56]
[18, 12, 27, 28, 57]
[16, 29, 13, 20, 58]
[19, 24, 12, 29, 59]
[29, 17, 14, 25, 60]
[10, 28, 23, 17, 61]
[11, 18, 23, 10, 62]
[26, 15, 20, 12, 63]
[14, 10, 13, 24, 64]
[12, 27, 24, 15, 65]
[11, 22, 21, 26, 66]
[25, 16, 15, 27, 67]
[14, 26, 11, 20, 68]
[14, 25, 25, 24, 69]
[17, 19, 13, 20, 70]
