[20, 100, 60, 80, 65]
[20, 100, 60, 80, 66]
[20, 100, 60, 80, 67]
[20, 100, 60, 80, 68]
[20, 100, 60, 80, 69]
[20, 100, 60, 80, 70]
[20, 100, 60, 80, 71]
[20, 100, 60, 80, 72]
[20, 100, 60, 80, 73]
[20, 100, 60, 80, 74]
[20, 100, 60, 80, 75]
[20, 100, 60, 80, 76]
[20, 100, 60, 80, 77]
[20, 100, 60, 80, 78]
[20, 100, 60, 80, 79]
[20, 100, 60, 80, 80]
[20, 100, 60, 80, 81]
[20, 100, 60, 80, 82]
[20, 100, 60, 80, 83]
[20, 100, 60, 80, 84]
[20, 100, 60, 80, 85]
[20, 100, 60, 80, 86]
[20, 100, 60, 80, 87]
[20, 100, 60, 80, 88]
[20, 100, 60, 80, 89]
[20, 100, 60, 80, 90]
[20, 100, 60, 80, 91]
[20, 100, 60, 80, 92]
[20, 100, 60, 80, 93]
[20, 100, 60, 80, 94]
[20, 100, 60, 80, 95]
[20, 100, 60, 80, 96]
[20, 100, 60, 80, 97]
[20, 100, 60, 80, 98]
[20, 100, 60, 80, 99]
[20, 100, 60, 80, 100]
[21, 100, 60, 80, 65]
[21, 100, 60, 80, 66]
[21, 100, 60, 80, 67]
[21, 100, 60, 80, 68]
[21, 100, 60, 80, 69]
[21, 100, 60, 80, 70]
[21, 100, 60, 80, 71]
[21, 100, 60, 80, 72]
[21, 100, 60, 80, 73]
[21, 100, 60, 80, 74]
[21, 100, 60, 80, 75]
[21, 100, 60, 80, 76]
[21, 100, 60, 80, 77]
[21, 100, 60, 80, 78]
[21, 100, 60, 80, 79]
[21, 100, 60, 80, 80]
[21, 100, 60, 80, 81]
[21, 100, 60, 80, 82]
[21, 100, 60, 80, 83]
[21, 100, 60, 80, 84]
[21, 100, 60, 80, 85]
[21, 100, 60, 80, 86]
[21, 100, 60, 80, 87]
[21, 100, 60, 80, 88]
[21, 100, 60, 80, 89]
[21, 100, 60, 80, 90]
[21, 100, 60, 80, 91]
[21, 100, 60, 80, 92]
[21, 100, 60, 80, 93]
[21, 100, 60, 80, 94]
[21, 100, 60, 80, 95]
[21, 100, 60, 80, 96]
[21, 100, 60, 80, 97]
[21, 100, 60, 80, 98]
[21, 100, 60, 80, 99]
[21, 100, 60, 80, 100]
[22, 100, 60, 80, 65]
[22, 100, 60, 80, 66]
[22, 100, 60, 80, 67]
[22, 100, 60, 80, 68]
[22, 100, 60, 80, 69]
[22, 100, 60, 80, 70]
[22, 100, 60, 80, 71]
[22, 100, 60, 80, 72]
[22, 100, 60, 80, 73]
[22, 100, 60, 80, 74]
[22, 100, 60, 80, 75]
[22, 100, 60, 80, 76]
[22, 100, 60, 80, 77]
[22, 100, 60, 80, 78]
[22, 100, 60, 80, 79]
[22, 100, 60, 80, 80]
[22, 100, 60, 80, 81]
[22, 100, 60, 80, 82]
[22, 100, 60, 80, 83]
[22, 100, 60, 80, 84]
[22, 100, 60, 80, 85]
[22, 100, 60, 80, 86]
[22, 100, 60, 80, 87]
[22, 100, 60, 80, 88]
[22, 100, 60, 80, 89]
[22, 100, 60, 80, 90]
[22, 100, 60, 80, 91]
[22, 100, 60, 80, 92]
[22, 100, 60, 80, 93]
[22, 100, 60, 80, 94]
[22, 100, 60, 80, 95]
[22, 100, 60, 80, 96]
[22, 100, 60, 80, 97]
[22, 100, 60, 80, 98]
[22, 100, 60, 80, 99]
[22, 100, 60, 80, 100]
[23, 100, 60, 80, 65]
[23, 100, 60, 80, 66]
[23, 100, 60, 80, 67]
[23, 100, 60, 80, 68]
[23, 100, 60, 80, 69]
[23, 100, 60, 80, 70]
[23, 100, 60, 80, 71]
[23, 100, 60, 80, 72]
[23, 100, 60, 80, 73]
[23, 100, 60, 80, 74]
[23, 100, 60, 80, 75]
[23, 100, 60, 80, 76]
[23, 100, 60, 80, 77]
[23, 100, 60, 80, 78]
[23, 100, 60, 80, 79]
[23, 100, 60, 80, 80]
[23, 100, 60, 80, 81]
[23, 100, 60, 80, 82]
[23, 100, 60, 80, 83]
[23, 100, 60, 80, 84]
[23, 100, 60, 80, 85]
[23, 100, 60, 80, 86]
[23, 100, 60, 80, 87]
[23, 100, 60, 80, 88]
[23, 100, 60, 80, 89]
[23, 100, 60, 80, 90]
[23, 100, 60, 80, 91]
[23, 100, 60, 80, 92]
[23, 100, 60, 80, 93]
[23, 100, 60, 80, 94]
[23, 100, 60, 80, 95]
[23, 100, 60, 80, 96]
[23, 100, 60, 80, 97]
[23, 100, 60, 80, 98]
[23, 100, 60, 80, 99]
[23, 100, 60, 80, 100]
[24, 100, 60, 80, 65]
[24, 100, 60, 80, 66]
[24, 100, 60, 80, 67]
[24, 100, 60, 80, 68]
[24, 100, 60, 80, 69]
[24, 100, 60, 80, 70]
[24, 100, 60, 80, 71]
[24, 100, 60, 80, 72]
[24, 100, 60, 80, 73]
[24, 100, 60, 80, 74]
[24, 100, 60, 80, 75]
[24, 100, 60, 80, 76]
[24, 100, 60, 80, 77]
[24, 100, 60, 80, 78]
[24, 100, 60, 80, 79]
[24, 100, 60, 80, 80]
[24, 100, 60, 80, 81]
[24, 100, 60, 80, 82]
[24, 100, 60, 80, 83]
[24, 100, 60, 80, 84]
[24, 100, 60, 80, 85]
[24, 100, 60, 80, 86]
[24, 100, 60, 80, 87]
[24, 100, 60, 80, 88]
[24, 100, 60, 80, 89]
[24, 100, 60, 80, 90]
[24, 100, 60, 80, 91]
[24, 100, 60, 80, 92]
[24, 100, 60, 80, 93]
[24, 100, 60, 80, 94]
[24, 100, 60, 80, 95]
[24, 100, 60, 80, 96]
[24, 100, 60, 80, 97]
[24, 100, 60, 80, 98]
[24, 100, 60, 80, 99]
[24, 100, 60, 80, 100]
[25, 100, 60, 80, 65]
[25, 100, 60, 80, 66]
[25, 100, 60, 80, 67]
[25, 100, 60, 80, 68]
[25, 100, 60, 80, 69]
[25, 100, 60, 80, 70]
[25, 100, 60, 80, 71]
[25, 100, 60, 80, 72]
[25, 100, 60, 80, 73]
[25, 100, 60, 80, 74]
[25, 100, 60, 80, 75]
[25, 100, 60, 80, 76]
[25, 100, 60, 80, 77]
[25, 100, 60, 80, 78]
[25, 100, 60, 80, 79]
[25, 100, 60, 80, 80]
[25, 100, 60, 80, 81]
[25, 100, 60, 80, 82]
[25, 100, 60, 80, 83]
[25, 100, 60, 80, 84]
[25, 100, 60, 80, 85]
[25, 100, 60, 80, 86]
[25, 100, 60, 80, 87]
[25, 100, 60, 80, 88]
[25, 100, 60, 80, 89]
[25, 100, 60, 80, 90]
[25, 100, 60, 80, 91]
[25, 100, 60, 80, 92]
[25, 100, 60, 80, 93]
[25, 100, 60, 80, 94]
[25, 100, 60, 80, 95]
[25, 100, 60, 80, 96]
[25, 100, 60, 80, 97]
[25, 100, 60, 80, 98]
[25, 100, 60, 80, 99]
[25, 100, 60, 80, 100]
[26, 100, 60, 80, 65]
[26, 100, 60, 80, 66]
[26, 100, 60, 80, 67]
[26, 100, 60, 80, 68]
[26, 100, 60, 80, 69]
[26, 100, 60, 80, 70]
[26, 100, 60, 80, 71]
[26, 100, 60, 80, 72]
[26, 100, 60, 80, 73]
[26, 100, 60, 80, 74]
[26, 100, 60, 80, 75]
[26, 100, 60, 80, 76]
[26, 100, 60, 80, 77]
[26, 100, 60, 80, 78]
[26, 100, 60, 80, 79]
[26, 100, 60, 80, 80]
[26, 100, 60, 80, 81]
[26, 100, 60, 80, 82]
[26, 100, 60, 80, 83]
[26, 100, 60, 80, 84]
[26, 100, 60, 80, 85]
[26, 100, 60, 80, 86]
[26, 100, 60, 80, 87]
[26, 100, 60, 80, 88]
[26, 100, 60, 80, 89]
[26, 100, 60, 80, 90]
[26, 100, 60, 80, 91]
[26, 100, 60, 80, 92]
[26, 100, 60, 80, 93]
[26, 100, 60, 80, 94]
[26, 100, 60, 80, 95]
[26, 100, 60, 80, 96]
[26, 100, 60, 80, 97]
[26, 100, 60, 80, 98]
[26, 100, 60, 80, 99]
[26, 100, 60, 80, 100]
[27, 100, 60, 80, 65]
[27, 100, 60, 80, 66]
[27, 100, 60, 80, 67]
[27, 100, 60, 80, 68]
[27, 100, 60, 80, 69]
[27, 100, 60, 80, 70]
[27, 100, 60, 80, 71]
[27, 100, 60, 80, 72]
[27, 100, 60, 80, 73]
[27, 100, 60, 80, 74]
[27, 100, 60, 80, 75]
[27, 100, 60, 80, 76]
[27, 100, 60, 80, 77]
[27, 100, 60, 80, 78]
[27, 100, 60, 80, 79]
[27, 100, 60, 80, 80]
[27, 100, 60, 80, 81]
[27, 100, 60, 80, 82]
[27, 100, 60, 80, 83]
[27, 100, 60, 80, 84]
[27, 100, 60, 80, 85]
[27, 100, 60, 80, 86]
[27, 100, 60, 80, 87]
[27, 100, 60, 80, 88]
[27, 100, 60, 80, 89]
[27, 100, 60, 80, 90]
[27, 100, 60, 80, 91]
[27, 100, 60, 80, 92]
[27, 100, 60, 80, 93]
[27, 100, 60, 80, 94]
[27, 100, 60, 80, 95]
[27, 100, 60, 80, 96]
[27, 100, 60, 80, 97]
[27, 100, 60, 80, 98]
[27, 100, 60, 80, 99]
[27, 100, 60, 80, 100]
[28, 100, 60, 80, 65]
[28, 100, 60, 80, 66]
[28, 100, 60, 80, 67]
[28, 100, 60, 80, 68]
[28, 100, 60, 80, 69]
[28, 100, 60, 80, 70]
[28, 100, 60, 80, 71]
[28, 100, 60, 80, 72]
[28, 100, 60, 80, 73]
[28, 100, 60, 80, 74]
[28, 100, 60, 80, 75]
[28, 100, 60, 80, 76]
[28, 100, 60, 80, 77]
[28, 100, 60, 80, 78]
[28, 100, 60, 80, 79]
[28, 100, 60, 80, 80]
[28, 100, 60, 80, 81]
[28, 100, 60, 80, 82]
[28, 100, 60, 80, 83]
[28, 100, 60, 80, 84]
[28, 100, 60, 80, 85]
[28, 100, 60, 80, 86]
[28, 100, 60, 80, 87]
[28, 100, 60, 80, 88]
[28, 100, 60, 80, 89]
[28, 100, 60, 80, 90]
[28, 100, 60, 80, 91]
[28, 100, 60, 80, 92]
[28, 100, 60, 80, 93]
[28, 100, 60, 80, 94]
[28, 100, 60, 80, 95]
[28, 100, 60, 80, 96]
[28, 100, 60, 80, 97]
[28, 100, 60, 80, 98]
[28, 100, 60, 80, 99]
[28, 100, 60, 80, 100]
[29, 100, 60, 80, 65]
[29, 100, 60, 80, 66]
[29, 100, 60, 80, 67]
[29, 100, 60, 80, 68]
[29, 100, 60, 80, 69]
[29, 100, 60, 80, 70]
[29, 100, 60, 80, 71]
[29, 100, 60, 80, 72]
[29, 100, 60, 80, 73]
[29, 100, 60, 80, 74]
[29, 100, 60, 80, 75]
[29, 100, 60, 80, 76]
[29, 100, 60, 80, 77]
[29, 100, 60, 80, 78]
[29, 100, 60, 80, 79]
[29, 100, 60, 80, 80]
[29, 100, 60, 80, 81]
[29, 100, 60, 80, 82]
[29, 100, 60, 80, 83]
[29, 100, 60, 80, 84]
[29, 100, 60, 80, 85]
[29, 100, 60, 80, 86]
[29, 100, 60, 80, 87]
[29, 100, 60, 80, 88]
[29, 100, 60, 80, 89]
[29, 100, 60, 80, 90]
[29, 100, 60, 80, 91]
[29, 100, 60, 80, 92]
[29, 100, 60, 80, 93]
[29, 100, 60, 80, 94]
[29, 100, 60, 80, 95]
[29, 100, 60, 80, 96]
[29, 100, 60, 80, 97]
[29, 100, 60, 80, 98]
[29, 100, 60, 80, 99]
[29, 100, 60, 80, 100]
[30, 100, 60, 80, 65]
[30, 100, 60, 80, 66]
[30, 100, 60, 80, 67]
[30, 100, 60, 80, 68]
[30, 100, 60, 80, 69]
[30, 100, 60, 80, 70]
[30, 100, 60, 80, 71]
[30, 100, 60, 80, 72]
[30, 100, 60, 80, 73]
[30, 100, 60, 80, 74]
[30, 100, 60, 80, 75]
[30, 100, 60, 80, 76]
[30, 100, 60, 80, 77]
[30, 100, 60, 80, 78]
[30, 100, 60, 80, 79]
[30, 100, 60, 80, 80]
[30, 100, 60, 80, 81]
[30, 100, 60, 80, 82]
[30, 100, 60, 80, 83]
[30, 100, 60, 80, 84]
[30, 100, 60, 80, 85]
[30, 100, 60, 80, 86]
[30, 100, 60, 80, 87]
[30, 100, 60, 80, 88]
[30, 100, 60, 80, 89]
[30, 100, 60, 80, 90]
[30, 100, 60, 80, 91]
[30, 100, 60, 80, 92]
[30, 100, 60, 80, 93]
[30, 100, 60, 80, 94]
[30, 100, 60, 80, 95]
[30, 100, 60, 80, 96]
[30, 100, 60, 80, 97]
[30, 100, 60, 80, 98]
[30, 100, 60, 80, 99]
[30, 100, 60, 80, 100]
[31, 100, 60, 80, 65]
[31, 100, 60, 80, 66]
[31, 100, 60, 80, 67]
[31, 100, 60, 80, 68]
[31, 100, 60, 80, 69]
[31, 100, 60, 80, 70]
[31, 100, 60, 80, 71]
[31, 100, 60, 80, 72]
[31, 100, 60, 80, 73]
[31, 100, 60, 80, 74]
[31, 100, 60, 80, 75]
[31, 100, 60, 80, 76]
[31, 100, 60, 80, 77]
[31, 100, 60, 80, 78]
[31, 100, 60, 80, 79]
[31, 100, 60, 80, 80]
[31, 100, 60, 80, 81]
[31, 100, 60, 80, 82]
[31, 100, 60, 80, 83]
[31, 100, 60, 80, 84]
[31, 100, 60, 80, 85]
[31, 100, 60, 80, 86]
[31, 100, 60, 80, 87]
[31, 100, 60, 80, 88]
[31, 100, 60, 80, 89]
[31, 100, 60, 80, 90]
[31, 100, 60, 80, 91]
[31, 100, 60, 80, 92]
[31, 100, 60, 80, 93]
[31, 100, 60, 80, 94]
[31, 100, 60, 80, 95]
[31, 100, 60, 80, 96]
[31, 100, 60, 80, 97]
[31, 100, 60, 80, 98]
[31, 100, 60, 80, 99]
[31, 100, 60, 80, 100]
[32, 100, 60, 80, 65]
[32, 100, 60, 80, 66]
[32, 100, 60, 80, 67]
[32, 100, 60, 80, 68]
[32, 100, 60, 80, 69]
[32, 100, 60, 80, 70]
[32, 100, 60, 80, 71]
[32, 100, 60, 80, 72]
[32, 100, 60, 80, 73]
[32, 100, 60, 80, 74]
[32, 100, 60, 80, 75]
[32, 100, 60, 80, 76]
[32, 100, 60, 80, 77]
[32, 100, 60, 80, 78]
[32, 100, 60, 80, 79]
[32, 100, 60, 80, 80]
[32, 100, 60, 80, 81]
[32, 100, 60, 80, 82]
[32, 100, 60, 80, 83]
[32, 100, 60, 80, 84]
[32, 100, 60, 80, 85]
[32, 100, 60, 80, 86]
[32, 100, 60, 80, 87]
[32, 100, 60, 80, 88]
[32, 100, 60, 80, 89]
[32, 100, 60, 80, 90]
[32, 100, 60, 80, 91]
[32, 100, 60, 80, 92]
[32, 100, 60, 80, 93]
[32, 100, 60, 80, 94]
[32, 100, 60, 80, 95]
[32, 100, 60, 80, 96]
[32, 100, 60, 80, 97]
[32, 100, 60, 80, 98]
[32, 100, 60, 80, 99]
[32, 100, 60, 80, 100]
[33, 100, 60, 80, 65]
[33, 100, 60, 80, 66]
[33, 100, 60, 80, 67]
[33, 100, 60, 80, 68]
[33, 100, 60, 80, 69]
[33, 100, 60, 80, 70]
[33, 100, 60, 80, 71]
[33, 100, 60, 80, 72]
[33, 100, 60, 80, 73]
[33, 100, 60, 80, 74]
[33, 100, 60, 80, 75]
[33, 100, 60, 80, 76]
[33, 100, 60, 80, 77]
[33, 100, 60, 80, 78]
[33, 100, 60, 80, 79]
[33, 100, 60, 80, 80]
[33, 100, 60, 80, 81]
[33, 100, 60, 80, 82]
[33, 100, 60, 80, 83]
[33, 100, 60, 80, 84]
[33, 100, 60, 80, 85]
[33, 100, 60, 80, 86]
[33, 100, 60, 80, 87]
[33, 100, 60, 80, 88]
[33, 100, 60, 80, 89]
[33, 100, 60, 80, 90]
[33, 100, 60, 80, 91]
[33, 100, 60, 80, 92]
[33, 100, 60, 80, 93]
[33, 100, 60, 80, 94]
[33, 100, 60, 80, 95]
[33, 100, 60, 80, 96]
[33, 100, 60, 80, 97]
[33, 100, 60, 80, 98]
[33, 100, 60, 80, 99]
[33, 100, 60, 80, 100]
[34, 100, 60, 80, 65]
[34, 100, 60, 80, 66]
[34, 100, 60, 80, 67]
[34, 100, 60, 80, 68]
[34, 100, 60, 80, 69]
[34, 100, 60, 80, 70]
[34, 100, 60, 80, 71]
[34, 100, 60, 80, 72]
[34, 100, 60, 80, 73]
[34, 100, 60, 80, 74]
[34, 100, 60, 80, 75]
[34, 100, 60, 80, 76]
[34, 100, 60, 80, 77]
[34, 100, 60, 80, 78]
[34, 100, 60, 80, 79]
[34, 100, 60, 80, 80]
[34, 100, 60, 80, 81]
[34, 100, 60, 80, 82]
[34, 100, 60, 80, 83]
[34, 100, 60, 80, 84]
[34, 100, 60, 80, 85]
[34, 100, 60, 80, 86]
[34, 100, 60, 80, 87]
[34, 100, 60, 80, 88]
[34, 100, 60, 80, 89]
[34, 100, 60, 80, 90]
[34, 100, 60, 80, 91]
[34, 100, 60, 80, 92]
[34, 100, 60, 80, 93]
[34, 100, 60, 80, 94]
[34, 100, 60, 80, 95]
[34, 100, 60, 80, 96]
[34, 100, 60, 80, 97]
[34, 100, 60, 80, 98]
[34, 100, 60, 80, 99]
[34, 100, 60, 80, 100]
[35, 100, 60, 80, 65]
[35, 100, 60, 80, 66]
[35, 100, 60, 80, 67]
[35, 100, 60, 80, 68]
[35, 100, 60, 80, 69]
[35, 100, 60, 80, 70]
[35, 100, 60, 80, 71]
[35, 100, 60, 80, 72]
[35, 100, 60, 80, 73]
[35, 100, 60, 80, 74]
[35, 100, 60, 80, 75]
[35, 100, 60, 80, 76]
[35, 100, 60, 80, 77]
[35, 100, 60, 80, 78]
[35, 100, 60, 80, 79]
[35, 100, 60, 80, 80]
[35, 100, 60, 80, 81]
[35, 100, 60, 80, 82]
[35, 100, 60, 80, 83]
[35, 100, 60, 80, 84]
[35, 100, 60, 80, 85]
[35, 100, 60, 80, 86]
[35, 100, 60, 80, 87]
[35, 100, 60, 80, 88]
[35, 100, 60, 80, 89]
[35, 100, 60, 80, 90]
[35, 100, 60, 80, 91]
[35, 100, 60, 80, 92]
[35, 100, 60, 80, 93]
[35, 100, 60, 80, 94]
[35, 100, 60, 80, 95]
[35, 100, 60, 80, 96]
[35, 100, 60, 80, 97]
[35, 100, 60, 80, 98]
[35, 100, 60, 80, 99]
[35, 100, 60, 80, 100]
[36, 100, 60, 80, 65]
[36, 100, 60, 80, 66]
[36, 100, 60, 80, 67]
[36, 100, 60, 80, 68]
[36, 100, 60, 80, 69]
[36, 100, 60, 80, 70]
[36, 100, 60, 80, 71]
[36, 100, 60, 80, 72]
[36, 100, 60, 80, 73]
[36, 100, 60, 80, 74]
[36, 100, 60, 80, 75]
[36, 100, 60, 80, 76]
[36, 100, 60, 80, 77]
[36, 100, 60, 80, 78]
[36, 100, 60, 80, 79]
[36, 100, 60, 80, 80]
[36, 100, 60, 80, 81]
[36, 100, 60, 80, 82]
[36, 100, 60, 80, 83]
[36, 100, 60, 80, 84]
[36, 100, 60, 80, 85]
[36, 100, 60, 80, 86]
[36, 100, 60, 80, 87]
[36, 100, 60, 80, 88]
[36, 100, 60, 80, 89]
[36, 100, 60, 80, 90]
[36, 100, 60, 80, 91]
[36, 100, 60, 80, 92]
[36, 100, 60, 80, 93]
[36, 100, 60, 80, 94]
[36, 100, 60, 80, 95]
[36, 100, 60, 80, 96]
[36, 100, 60, 80, 97]
[36, 100, 60, 80, 98]
[36, 100, 60, 80, 99]
[36, 100, 60, 80, 100]
[37, 100, 60, 80, 65]
[37, 100, 60, 80, 66]
[37, 100, 60, 80, 67]
[37, 100, 60, 80, 68]
[37, 100, 60, 80, 69]
[37, 100, 60, 80, 70]
[37, 100, 60, 80, 71]
[37, 100, 60, 80, 72]
[37, 100, 60, 80, 73]
[37, 100, 60, 80, 74]
[37, 100, 60, 80, 75]
[37, 100, 60, 80, 76]
[37, 100, 60, 80, 77]
[37, 100, 60, 80, 78]
[37, 100, 60, 80, 79]
[37, 100, 60, 80, 80]
[37, 100, 60, 80, 81]
[37, 100, 60, 80, 82]
[37, 100, 60, 80, 83]
[37, 100, 60, 80, 84]
[37, 100, 60, 80, 85]
[37, 100, 60, 80, 86]
[37, 100, 60, 80, 87]
[37, 100, 60, 80, 88]
[37, 100, 60, 80, 89]
[37, 100, 60, 80, 90]
[37, 100, 60, 80, 91]
[37, 100, 60, 80, 92]
[37, 100, 60, 80, 93]
[37, 100, 60, 80, 94]
[37, 100, 60, 80, 95]
[37, 100, 60, 80, 96]
[37, 100, 60, 80, 97]
[37, 100, 60, 80, 98]
[37, 100, 60, 80, 99]
[37, 100, 60, 80, 100]
[38, 100, 60, 80, 65]
[38, 100, 60, 80, 66]
[38, 100, 60, 80, 67]
[38, 100, 60, 80, 68]
[38, 100, 60, 80, 69]
[38, 100, 60, 80, 70]
[38, 100, 60, 80, 71]
[38, 100, 60, 80, 72]
[38, 100, 60, 80, 73]
[38, 100, 60, 80, 74]
[38, 100, 60, 80, 75]
[38, 100, 60, 80, 76]
[38, 100, 60, 80, 77]
[38, 100, 60, 80, 78]
[38, 100, 60, 80, 79]
[38, 100, 60, 80, 80]
[38, 100, 60, 80, 81]
[38, 100, 60, 80, 82]
[38, 100, 60, 80, 83]
[38, 100, 60, 80, 84]
[38, 100, 60, 80, 85]
[38, 100, 60, 80, 86]
[38, 100, 60, 80, 87]
[38, 100, 60, 80, 88]
[38, 100, 60, 80, 89]
[38, 100, 60, 80, 90]
[38, 100, 60, 80, 91]
[38, 100, 60, 80, 92]
[38, 100, 60, 80, 93]
[38, 100, 60, 80, 94]
[38, 100, 60, 80, 95]
[38, 100, 60, 80, 96]
[38, 100, 60, 80, 97]
[38, 100, 60, 80, 98]
[38, 100, 60, 80, 99]
[38, 100, 60, 80, 100]
[39, 100, 60, 80, 65]
[39, 100, 60, 80, 66]
[39, 100, 60, 80, 67]
[39, 100, 60, 80, 68]
[39, 100, 60, 80, 69]
[39, 100, 60, 80, 70]
[39, 100, 60, 80, 71]
[39, 100, 60, 80, 72]
[39, 100, 60, 80, 73]
[39, 100, 60, 80, 74]
[39, 100, 60, 80, 75]
[39, 100, 60, 80, 76]
[39, 100, 60, 80, 77]
[39, 100, 60, 80, 78]
[39, 100, 60, 80, 79]
[39, 100, 60, 80, 80]
[39, 100, 60, 80, 81]
[39, 100, 60, 80, 82]
[39, 100, 60, 80, 83]
[39, 100, 60, 80, 84]
[39, 100, 60, 80, 85]
[39, 100, 60, 80, 86]
[39, 100, 60, 80, 87]
[39, 100, 60, 80, 88]
[39, 100, 60, 80, 89]
[39, 100, 60, 80, 90]
[39, 100, 60, 80, 91]
[39, 100, 60, 80, 92]
[39, 100, 60, 80, 93]
[39, 100, 60, 80, 94]
[39, 100, 60, 80, 95]
[39, 100, 60, 80, 96]
[39, 100, 60, 80, 97]
[39, 100, 60, 80, 98]
[39, 100, 60, 80, 99]
[39, 100, 60, 80, 100]
[40, 100, 60, 80, 65]
[40, 100, 60, 80, 66]
[40, 100, 60, 80, 67]
[40, 100, 60, 80, 68]
[40, 100, 60, 80, 69]
[40, 100, 60, 80, 70]
[40, 100, 60, 80, 71]
[40, 100, 60, 80, 72]
[40, 100, 60, 80, 73]
[40, 100, 60, 80, 74]
[40, 100, 60, 80, 75]
[40, 100, 60, 80, 76]
[40, 100, 60, 80, 77]
[40, 100, 60, 80, 78]
[40, 100, 60, 80, 79]
[40, 100, 60, 80, 80]
[40, 100, 60, 80, 81]
[40, 100, 60, 80, 82]
[40, 100, 60, 80, 83]
[40, 100, 60, 80, 84]
[40, 100, 60, 80, 85]
[40, 100, 60, 80, 86]
[40, 100, 60, 80, 87]
[40, 100, 60, 80, 88]
[40, 100, 60, 80, 89]
[40, 100, 60, 80, 90]
[40, 100, 60, 80, 91]
[40, 100, 60, 80, 92]
[40, 100, 60, 80, 93]
[40, 100, 60, 80, 94]
[40, 100, 60, 80, 95]
[40, 100, 60, 80, 96]
[40, 100, 60, 80, 97]
[40, 100, 60, 80, 98]
[40, 100, 60, 80, 99]
[40, 100, 60, 80, 100]
[41, 100, 60, 80, 65]
[41, 100, 60, 80, 66]
[41, 100, 60, 80, 67]
[41, 100, 60, 80, 68]
[41, 100, 60, 80, 69]
[41, 100, 60, 80, 70]
[41, 100, 60, 80, 71]
[41, 100, 60, 80, 72]
[41, 100, 60, 80, 73]
[41, 100, 60, 80, 74]
[41, 100, 60, 80, 75]
[41, 100, 60, 80, 76]
[41, 100, 60, 80, 77]
[41, 100, 60, 80, 78]
[41, 100, 60, 80, 79]
[41, 100, 60, 80, 80]
[41, 100, 60, 80, 81]
[41, 100, 60, 80, 82]
[41, 100, 60, 80, 83]
[41, 100, 60, 80, 84]
[41, 100, 60, 80, 85]
[41, 100, 60, 80, 86]
[41, 100, 60, 80, 87]
[41, 100, 60, 80, 88]
[41, 100, 60, 80, 89]
[41, 100, 60, 80, 90]
[41, 100, 60, 80, 91]
[41, 100, 60, 80, 92]
[41, 100, 60, 80, 93]
[41, 100, 60, 80, 94]
[41, 100, 60, 80, 95]
[41, 100, 60, 80, 96]
[41, 100, 60, 80, 97]
[41, 100, 60, 80, 98]
[41, 100, 60, 80, 99]
[41, 100, 60, 80, 100]
[42, 100, 60, 80, 65]
[42, 100, 60, 80, 66]
[42, 100, 60, 80, 67]
[42, 100, 60, 80, 68]
[42, 100, 60, 80, 69]
[42, 100, 60, 80, 70]
[42, 100, 60, 80, 71]
[42, 100, 60, 80, 72]
[42, 100, 60, 80, 73]
[42, 100, 60, 80, 74]
[42, 100, 60, 80, 75]
[42, 100, 60, 80, 76]
[42, 100, 60, 80, 77]
[42, 100, 60, 80, 78]
[42, 100, 60, 80, 79]
[42, 100, 60, 80, 80]
[42, 100, 60, 80, 81]
[42, 100, 60, 80, 82]
[42, 100, 60, 80, 83]
[42, 100, 60, 80, 84]
[42, 100, 60, 80, 85]
[42, 100, 60, 80, 86]
[42, 100, 60, 80, 87]
[42, 100, 60, 80, 88]
[42, 100, 60, 80, 89]
[42, 100, 60, 80, 90]
[42, 100, 60, 80, 91]
[42, 100, 60, 80, 92]
[42, 100, 60, 80, 93]
[42, 100, 60, 80, 94]
[42, 100, 60, 80, 95]
[42, 100, 60, 80, 96]
[42, 100, 60, 80, 97]
[42, 100, 60, 80, 98]
[42, 100, 60, 80, 99]
[42, 100, 60, 80, 100]
[43, 100, 60, 80, 65]
[43, 100, 60, 80, 66]
[43, 100, 60, 80, 67]
[43, 100, 60, 80, 68]
[43, 100, 60, 80, 69]
[43, 100, 60, 80, 70]
[43, 100, 60, 80, 71]
[43, 100, 60, 80, 72]
[43, 100, 60, 80, 73]
[43, 100, 60, 80, 74]
[43, 100, 60, 80, 75]
[43, 100, 60, 80, 76]
[43, 100, 60, 80, 77]
[43, 100, 60, 80, 78]
[43, 100, 60, 80, 79]
[43, 100, 60, 80, 80]
[43, 100, 60, 80, 81]
[43, 100, 60, 80, 82]
[43, 100, 60, 80, 83]
[43, 100, 60, 80, 84]
[43, 100, 60, 80, 85]
[43, 100, 60, 80, 86]
[43, 100, 60, 80, 87]
[43, 100, 60, 80, 88]
[43, 100, 60, 80, 89]
[43, 100, 60, 80, 90]
[43, 100, 60, 80, 91]
[43, 100, 60, 80, 92]
[43, 100, 60, 80, 93]
[43, 100, 60, 80, 94]
[43, 100, 60, 80, 95]
[43, 100, 60, 80, 96]
[43, 100, 60, 80, 97]
[43, 100, 60, 80, 98]
[43, 100, 60, 80, 99]
[43, 100, 60, 80, 100]
[44, 100, 60, 80, 65]
[44, 100, 60, 80, 66]
[44, 100, 60, 80, 67]
[44, 100, 60, 80, 68]
[44, 100, 60, 80, 69]
[44, 100, 60, 80, 70]
[44, 100, 60, 80, 71]
[44, 100, 60, 80, 72]
[44, 100, 60, 80, 73]
[44, 100, 60, 80, 74]
[44, 100, 60, 80, 75]
[44, 100, 60, 80, 76]
[44, 100, 60, 80, 77]
[44, 100, 60, 80, 78]
[44, 100, 60, 80, 79]
[44, 100, 60, 80, 80]
[44, 100, 60, 80, 81]
[44, 100, 60, 80, 82]
[44, 100, 60, 80, 83]
[44, 100, 60, 80, 84]
[44, 100, 60, 80, 85]
[44, 100, 60, 80, 86]
[44, 100, 60, 80, 87]
[44, 100, 60, 80, 88]
[44, 100, 60, 80, 89]
[44, 100, 60, 80, 90]
[44, 100, 60, 80, 91]
[44, 100, 60, 80, 92]
[44, 100, 60, 80, 93]
[44, 100, 60, 80, 94]
[44, 100, 60, 80, 95]
[44, 100, 60, 80, 96]
[44, 100, 60, 80, 97]
[44, 100, 60, 80, 98]
[44, 100, 60, 80, 99]
[44, 100, 60, 80, 100]
[45, 100, 60, 80, 65]
[45, 100, 60, 80, 66]
[45, 100, 60, 80, 67]
[45, 100, 60, 80, 68]
[45, 100, 60, 80, 69]
[45, 100, 60, 80, 70]
[45, 100, 60, 80, 71]
[45, 100, 60, 80, 72]
[45, 100, 60, 80, 73]
[45, 100, 60, 80, 74]
[45, 100, 60, 80, 75]
[45, 100, 60, 80, 76]
[45, 100, 60, 80, 77]
[45, 100, 60, 80, 78]
[45, 100, 60, 80, 79]
[45, 100, 60, 80, 80]
[45, 100, 60, 80, 81]
[45, 100, 60, 80, 82]
[45, 100, 60, 80, 83]
[45, 100, 60, 80, 84]
[45, 100, 60, 80, 85]
[45, 100, 60, 80, 86]
[45, 100, 60, 80, 87]
[45, 100, 60, 80, 88]
[45, 100, 60, 80, 89]
[45, 100, 60, 80, 90]
[45, 100, 60, 80, 91]
[45, 100, 60, 80, 92]
[45, 100, 60, 80, 93]
[45, 100, 60, 80, 94]
[45, 100, 60, 80, 95]
[45, 100, 60, 80, 96]
[45, 100, 60, 80, 97]
[45, 100, 60, 80, 98]
[45, 100, 60, 80, 99]
[45, 100, 60, 80, 100]
[46, 100, 60, 80, 65]
[46, 100, 60, 80, 66]
[46, 100, 60, 80, 67]
[46, 100, 60, 80, 68]
[46, 100, 60, 80, 69]
[46, 100, 60, 80, 70]
[46, 100, 60, 80, 71]
[46, 100, 60, 80, 72]
[46, 100, 60, 80, 73]
[46, 100, 60, 80, 74]
[46, 100, 60, 80, 75]
[46, 100, 60, 80, 76]
[46, 100, 60, 80, 77]
[46, 100, 60, 80, 78]
[46, 100, 60, 80, 79]
[46, 100, 60, 80, 80]
[46, 100, 60, 80, 81]
[46, 100, 60, 80, 82]
[46, 100, 60, 80, 83]
[46, 100, 60, 80, 84]
[46, 100, 60, 80, 85]
[46, 100, 60, 80, 86]
[46, 100, 60, 80, 87]
[46, 100, 60, 80, 88]
[46, 100, 60, 80, 89]
[46, 100, 60, 80, 90]
[46, 100, 60, 80, 91]
[46, 100, 60, 80, 92]
[46, 100, 60, 80, 93]
[46, 100, 60, 80, 94]
[46, 100, 60, 80, 95]
[46, 100, 60, 80, 96]
[46, 100, 60, 80, 97]
[46, 100, 60, 80, 98]
[46, 100, 60, 80, 99]
[46, 100, 60, 80, 100]
[47, 100, 60, 80, 65]
[47, 100, 60, 80, 66]
[47, 100, 60, 80, 67]
[47, 100, 60, 80, 68]
[47, 100, 60, 80, 69]
[47, 100, 60, 80, 70]
[47, 100, 60, 80, 71]
[47, 100, 60, 80, 72]
[47, 100, 60, 80, 73]
[47, 100, 60, 80, 74]
[47, 100, 60, 80, 75]
[47, 100, 60, 80, 76]
[47, 100, 60, 80, 77]
[47, 100, 60, 80, 78]
[47, 100, 60, 80, 79]
[47, 100, 60, 80, 80]
[47, 100, 60, 80, 81]
[47, 100, 60, 80, 82]
[47, 100, 60, 80, 83]
[47, 100, 60, 80, 84]
[47, 100, 60, 80, 85]
[47, 100, 60, 80, 86]
[47, 100, 60, 80, 87]
[47, 100, 60, 80, 88]
[47, 100, 60, 80, 89]
[47, 100, 60, 80, 90]
[47, 100, 60, 80, 91]
[47, 100, 60, 80, 92]
[47, 100, 60, 80, 93]
[47, 100, 60, 80, 94]
[47, 100, 60, 80, 95]
[47, 100, 60, 80, 96]
[47, 100, 60, 80, 97]
[47, 100, 60, 80, 98]
[47, 100, 60, 80, 99]
[47, 100, 60, 80, 100]
[48, 100, 60, 80, 65]
[48, 100, 60, 80, 66]
[48, 100, 60, 80, 67]
[48, 100, 60, 80, 68]
[48, 100, 60, 80, 69]
[48, 100, 60, 80, 70]
[48, 100, 60, 80, 71]
[48, 100, 60, 80, 72]
[48, 100, 60, 80, 73]
[48, 100, 60, 80, 74]
[48, 100, 60, 80, 75]
[48, 100, 60, 80, 76]
[48, 100, 60, 80, 77]
[48, 100, 60, 80, 78]
[48, 100, 60, 80, 79]
[48, 100, 60, 80, 80]
[48, 100, 60, 80, 81]
[48, 100, 60, 80, 82]
[48, 100, 60, 80, 83]
[48, 100, 60, 80, 84]
[48, 100, 60, 80, 85]
[48, 100, 60, 80, 86]
[48, 100, 60, 80, 87]
[48, 100, 60, 80, 88]
[48, 100, 60, 80, 89]
[48, 100, 60, 80, 90]
[48, 100, 60, 80, 91]
[48, 100, 60, 80, 92]
[48, 100, 60, 80, 93]
[48, 100, 60, 80, 94]
[48, 100, 60, 80, 95]
[48, 100, 60, 80, 96]
[48, 100, 60, 80, 97]
[48, 100, 60, 80, 98]
[48, 100, 60, 80, 99]
[48, 100, 60, 80, 100]
[49, 100, 60, 80, 65]
[49, 100, 60, 80, 66]
[49, 100, 60, 80, 67]
[49, 100, 60, 80, 68]
[49, 100, 60, 80, 69]
[49, 100, 60, 80, 70]
[49, 100, 60, 80, 71]
[49, 100, 60, 80, 72]
[49, 100, 60, 80, 73]
[49, 100, 60, 80, 74]
[49, 100, 60, 80, 75]
[49, 100, 60, 80, 76]
[49, 100, 60, 80, 77]
[49, 100, 60, 80, 78]
[49, 100, 60, 80, 79]
[49, 100, 60, 80, 80]
[49, 100, 60, 80, 81]
[49, 100, 60, 80, 82]
[49, 100, 60, 80, 83]
[49, 100, 60, 80, 84]
[49, 100, 60, 80, 85]
[49, 100, 60, 80, 86]
[49, 100, 60, 80, 87]
[49, 100, 60, 80, 88]
[49, 100, 60, 80, 89]
[49, 100, 60, 80, 90]
[49, 100, 60, 80, 91]
[49, 100, 60, 80, 92]
[49, 100, 60, 80, 93]
[49, 100, 60, 80, 94]
[49, 100, 60, 80, 95]
[49, 100, 60, 80, 96]
[49, 100, 60, 80, 97]
[49, 100, 60, 80, 98]
[49, 100, 60, 80, 99]
[49, 100, 60, 80, 100]
[50, 100, 60, 80, 65]
[50, 100, 60, 80, 66]
[50, 100, 60, 80, 67]
[50, 100, 60, 80, 68]
[50, 100, 60, 80, 69]
[50, 100, 60, 80, 70]
[50, 100, 60, 80, 71]
[50, 100, 60, 80, 72]
[50, 100, 60, 80, 73]
[50, 100, 60, 80, 74]
[50, 100, 60, 80, 75]
[50, 100, 60, 80, 76]
[50, 100, 60, 80, 77]
[50, 100, 60, 80, 78]
[50, 100, 60, 80, 79]
[50, 100, 60, 80, 80]
[50, 100, 60, 80, 81]
[50, 100, 60, 80, 82]
[50, 100, 60, 80, 83]
[50, 100, 60, 80, 84]
[50, 100, 60, 80, 85]
[50, 100, 60, 80, 86]
[50, 100, 60, 80, 87]
[50, 100, 60, 80, 88]
[50, 100, 60, 80, 89]
[50, 100, 60, 80, 90]
[50, 100, 60, 80, 91]
[50, 100, 60, 80, 92]
[50, 100, 60, 80, 93]
[50, 100, 60, 80, 94]
[50, 100, 60, 80, 95]
[50, 100, 60, 80, 96]
[50, 100, 60, 80, 97]
[50, 100, 60, 80, 98]
[50, 100, 60, 80, 99]
[50, 100, 60, 80, 100]
[51, 100, 60, 80, 65]
[51, 100, 60, 80, 66]
[51, 100, 60, 80, 67]
[51, 100, 60, 80, 68]
[51, 100, 60, 80, 69]
[51, 100, 60, 80, 70]
[51, 100, 60, 80, 71]
[51, 100, 60, 80, 72]
[51, 100, 60, 80, 73]
[51, 100, 60, 80, 74]
[51, 100, 60, 80, 75]
[51, 100, 60, 80, 76]
[51, 100, 60, 80, 77]
[51, 100, 60, 80, 78]
[51, 100, 60, 80, 79]
[51, 100, 60, 80, 80]
[51, 100, 60, 80, 81]
[51, 100, 60, 80, 82]
[51, 100, 60, 80, 83]
[51, 100, 60, 80, 84]
[51, 100, 60, 80, 85]
[51, 100, 60, 80, 86]
[51, 100, 60, 80, 87]
[51, 100, 60, 80, 88]
[51, 100, 60, 80, 89]
[51, 100, 60, 80, 90]
[51, 100, 60, 80, 91]
[51, 100, 60, 80, 92]
[51, 100, 60, 80, 93]
[51, 100, 60, 80, 94]
[51, 100, 60, 80, 95]
[51, 100, 60, 80, 96]
[51, 100, 60, 80, 97]
[51, 100, 60, 80, 98]
[51, 100, 60, 80, 99]
[51, 100, 60, 80, 100]
[52, 100, 60, 80, 65]
[52, 100, 60, 80, 66]
[52, 100, 60, 80, 67]
[52, 100, 60, 80, 68]
[52, 100, 60, 80, 69]
[52, 100, 60, 80, 70]
[52, 100, 60, 80, 71]
[52, 100, 60, 80, 72]
[52, 100, 60, 80, 73]
[52, 100, 60, 80, 74]
[52, 100, 60, 80, 75]
[52, 100, 60, 80, 76]
[52, 100, 60, 80, 77]
[52, 100, 60, 80, 78]
[52, 100, 60, 80, 79]
[52, 100, 60, 80, 80]
[52, 100, 60, 80, 81]
[52, 100, 60, 80, 82]
[52, 100, 60, 80, 83]
[52, 100, 60, 80, 84]
[52, 100, 60, 80, 85]
[52, 100, 60, 80, 86]
[52, 100, 60, 80, 87]
[52, 100, 60, 80, 88]
[52, 100, 60, 80, 89]
[52, 100, 60, 80, 90]
[52, 100, 60, 80, 91]
[52, 100, 60, 80, 92]
[52, 100, 60, 80, 93]
[52, 100, 60, 80, 94]
[52, 100, 60, 80, 95]
[52, 100, 60, 80, 96]
[52, 100, 60, 80, 97]
[52, 100, 60, 80, 98]
[52, 100, 60, 80, 99]
[52, 100, 60, 80, 100]
[53, 100, 60, 80, 65]
[53, 100, 60, 80, 66]
[53, 100, 60, 80, 67]
[53, 100, 60, 80, 68]
[53, 100, 60, 80, 69]
[53, 100, 60, 80, 70]
[53, 100, 60, 80, 71]
[53, 100, 60, 80, 72]
[53, 100, 60, 80, 73]
[53, 100, 60, 80, 74]
[53, 100, 60, 80, 75]
[53, 100, 60, 80, 76]
[53, 100, 60, 80, 77]
[53, 100, 60, 80, 78]
[53, 100, 60, 80, 79]
[53, 100, 60, 80, 80]
[53, 100, 60, 80, 81]
[53, 100, 60, 80, 82]
[53, 100, 60, 80, 83]
[53, 100, 60, 80, 84]
[53, 100, 60, 80, 85]
[53, 100, 60, 80, 86]
[53, 100, 60, 80, 87]
[53, 100, 60, 80, 88]
[53, 100, 60, 80, 89]
[53, 100, 60, 80, 90]
[53, 100, 60, 80, 91]
[53, 100, 60, 80, 92]
[53, 100, 60, 80, 93]
[53, 100, 60, 80, 94]
[53, 100, 60, 80, 95]
[53, 100, 60, 80, 96]
[53, 100, 60, 80, 97]
[53, 100, 60, 80, 98]
[53, 100, 60, 80, 99]
[53, 100, 60, 80, 100]
[54, 100, 60, 80, 65]
[54, 100, 60, 80, 66]
[54, 100, 60, 80, 67]
[54, 100, 60, 80, 68]
[54, 100, 60, 80, 69]
[54, 100, 60, 80, 70]
[54, 100, 60, 80, 71]
[54, 100, 60, 80, 72]
[54, 100, 60, 80, 73]
[54, 100, 60, 80, 74]
[54, 100, 60, 80, 75]
[54, 100, 60, 80, 76]
[54, 100, 60, 80, 77]
[54, 100, 60, 80, 78]
[54, 100, 60, 80, 79]
[54, 100, 60, 80, 80]
[54, 100, 60, 80, 81]
[54, 100, 60, 80, 82]
[54, 100, 60, 80, 83]
[54, 100, 60, 80, 84]
[54, 100, 60, 80, 85]
[54, 100, 60, 80, 86]
[54, 100, 60, 80, 87]
[54, 100, 60, 80, 88]
[54, 100, 60, 80, 89]
[54, 100, 60, 80, 90]
[54, 100, 60, 80, 91]
[54, 100, 60, 80, 92]
[54, 100, 60, 80, 93]
[54, 100, 60, 80, 94]
[54, 100, 60, 80, 95]
[54, 100, 60, 80, 96]
[54, 100, 60, 80, 97]
[54, 100, 60, 80, 98]
[54, 100, 60, 80, 99]
[54, 100, 60, 80, 100]
[55, 100, 60, 80, 65]
[55, 100, 60, 80, 66]
[55, 100, 60, 80, 67]
[55, 100, 60, 80, 68]
[55, 100, 60, 80, 69]
[55, 100, 60, 80, 70]
[55, 100, 60, 80, 71]
[55, 100, 60, 80, 72]
[55, 100, 60, 80, 73]
[55, 100, 60, 80, 74]
[55, 100, 60, 80, 75]
[55, 100, 60, 80, 76]
[55, 100, 60, 80, 77]
[55, 100, 60, 80, 78]
[55, 100, 60, 80, 79]
[55, 100, 60, 80, 80]
[55, 100, 60, 80, 81]
[55, 100, 60, 80, 82]
[55, 100, 60, 80, 83]
[55, 100, 60, 80, 84]
[55, 100, 60, 80, 85]
[55, 100, 60, 80, 86]
[55, 100, 60, 80, 87]
[55, 100, 60, 80, 88]
[55, 100, 60, 80, 89]
[55, 100, 60, 80, 90]
[55, 100, 60, 80, 91]
[55, 100, 60, 80, 92]
[55, 100, 60, 80, 93]
[55, 100, 60, 80, 94]
[55, 100, 60, 80, 95]
[55, 100, 60, 80, 96]
[55, 100, 60, 80, 97]
[55, 100, 60, 80, 98]
[55, 100, 60, 80, 99]
[55, 100, 60, 80, 100]
[56, 100, 60, 80, 65]
[56, 100, 60, 80, 66]
[56, 100, 60, 80, 67]
[56, 100, 60, 80, 68]
[56, 100, 60, 80, 69]
[56, 100, 60, 80, 70]
[56, 100, 60, 80, 71]
[56, 100, 60, 80, 72]
[56, 100, 60, 80, 73]
[56, 100, 60, 80, 74]
[56, 100, 60, 80, 75]
[56, 100, 60, 80, 76]
[56, 100, 60, 80, 77]
[56, 100, 60, 80, 78]
[56, 100, 60, 80, 79]
[56, 100, 60, 80, 80]
[56, 100, 60, 80, 81]
[56, 100, 60, 80, 82]
[56, 100, 60, 80, 83]
[56, 100, 60, 80, 84]
[56, 100, 60, 80, 85]
[56, 100, 60, 80, 86]
[56, 100, 60, 80, 87]
[56, 100, 60, 80, 88]
[56, 100, 60, 80, 89]
[56, 100, 60, 80, 90]
[56, 100, 60, 80, 91]
[56, 100, 60, 80, 92]
[56, 100, 60, 80, 93]
[56, 100, 60, 80, 94]
[56, 100, 60, 80, 95]
[56, 100, 60, 80, 96]
[56, 100, 60, 80, 97]
[56, 100, 60, 80, 98]
[56, 100, 60, 80, 99]
[56, 100, 60, 80, 100]
[57, 100, 60, 80, 65]
[57, 100, 60, 80, 66]
[57, 100, 60, 80, 67]
[57, 100, 60, 80, 68]
[57, 100, 60, 80, 69]
[57, 100, 60, 80, 70]
[57, 100, 60, 80, 71]
[57, 100, 60, 80, 72]
[57, 100, 60, 80, 73]
[57, 100, 60, 80, 74]
[57, 100, 60, 80, 75]
[57, 100, 60, 80, 76]
[57, 100, 60, 80, 77]
[57, 100, 60, 80, 78]
[57, 100, 60, 80, 79]
[57, 100, 60, 80, 80]
[57, 100, 60, 80, 81]
[57, 100, 60, 80, 82]
[57, 100, 60, 80, 83]
[57, 100, 60, 80, 84]
[57, 100, 60, 80, 85]
[57, 100, 60, 80, 86]
[57, 100, 60, 80, 87]
[57, 100, 60, 80, 88]
[57, 100, 60, 80, 89]
[57, 100, 60, 80, 90]
[57, 100, 60, 80, 91]
[57, 100, 60, 80, 92]
[57, 100, 60, 80, 93]
[57, 100, 60, 80, 94]
[57, 100, 60, 80, 95]
[57, 100, 60, 80, 96]
[57, 100, 60, 80, 97]
[57, 100, 60, 80, 98]
[57, 100, 60, 80, 99]
[57, 100, 60, 80, 100]
[58, 100, 60, 80, 65]
[58, 100, 60, 80, 66]
[58, 100, 60, 80, 67]
[58, 100, 60, 80, 68]
[58, 100, 60, 80, 69]
[58, 100, 60, 80, 70]
[58, 100, 60, 80, 71]
[58, 100, 60, 80, 72]
[58, 100, 60, 80, 73]
[58, 100, 60, 80, 74]
[58, 100, 60, 80, 75]
[58, 100, 60, 80, 76]
[58, 100, 60, 80, 77]
[58, 100, 60, 80, 78]
[58, 100, 60, 80, 79]
[58, 100, 60, 80, 80]
[58, 100, 60, 80, 81]
[58, 100, 60, 80, 82]
[58, 100, 60, 80, 83]
[58, 100, 60, 80, 84]
[58, 100, 60, 80, 85]
[58, 100, 60, 80, 86]
[58, 100, 60, 80, 87]
[58, 100, 60, 80, 88]
[58, 100, 60, 80, 89]
[58, 100, 60, 80, 90]
[58, 100, 60, 80, 91]
[58, 100, 60, 80, 92]
[58, 100, 60, 80, 93]
[58, 100, 60, 80, 94]
[58, 100, 60, 80, 95]
[58, 100, 60, 80, 96]
[58, 100, 60, 80, 97]
[58, 100, 60, 80, 98]
[58, 100, 60, 80, 99]
[58, 100, 60, 80, 100]
[59, 100, 60, 80, 65]
[59, 100, 60, 80, 66]
[59, 100, 60, 80, 67]
[59, 100, 60, 80, 68]
[59, 100, 60, 80, 69]
[59, 100, 60, 80, 70]
[59, 100, 60, 80, 71]
[59, 100, 60, 80, 72]
[59, 100, 60, 80, 73]
[59, 100, 60, 80, 74]
[59, 100, 60, 80, 75]
[59, 100, 60, 80, 76]
[59, 100, 60, 80, 77]
[59, 100, 60, 80, 78]
[59, 100, 60, 80, 79]
[59, 100, 60, 80, 80]
[59, 100, 60, 80, 81]
[59, 100, 60, 80, 82]
[59, 100, 60, 80, 83]
[59, 100, 60, 80, 84]
[59, 100, 60, 80, 85]
[59, 100, 60, 80, 86]
[59, 100, 60, 80, 87]
[59, 100, 60, 80, 88]
[59, 100, 60, 80, 89]
[59, 100, 60, 80, 90]
[59, 100, 60, 80, 91]
[59, 100, 60, 80, 92]
[59, 100, 60, 80, 93]
[59, 100, 60, 80, 94]
[59, 100, 60, 80, 95]
[59, 100, 60, 80, 96]
[59, 100, 60, 80, 97]
[59, 100, 60, 80, 98]
[59, 100, 60, 80, 99]
[59, 100, 60, 80, 100]
[60, 100, 60, 80, 65]
[60, 100, 60, 80, 66]
[60, 100, 60, 80, 67]
[60, 100, 60, 80, 68]
[60, 100, 60, 80, 69]
[60, 100, 60, 80, 70]
[60, 100, 60, 80, 71]
[60, 100, 60, 80, 72]
[60, 100, 60, 80, 73]
[60, 100, 60, 80, 74]
[60, 100, 60, 80, 75]
[60, 100, 60, 80, 76]
[60, 100, 60, 80, 77]
[60, 100, 60, 80, 78]
[60, 100, 60, 80, 79]
[60, 100, 60, 80, 80]
[60, 100, 60, 80, 81]
[60, 100, 60, 80, 82]
[60, 100, 60, 80, 83]
[60, 100, 60, 80, 84]
[60, 100, 60, 80, 85]
[60, 100, 60, 80, 86]
[60, 100, 60, 80, 87]
[60, 100, 60, 80, 88]
[60, 100, 60, 80, 89]
[60, 100, 60, 80, 90]
[60, 100, 60, 80, 91]
[60, 100, 60, 80, 92]
[60, 100, 60, 80, 93]
[60, 100, 60, 80, 94]
[60, 100, 60, 80, 95]
[60, 100, 60, 80, 96]
[60, 100, 60, 80, 97]
[60, 100, 60, 80, 98]
[60, 100, 60, 80, 99]
[60, 100, 60, 80, 100]
[61, 100, 60, 80, 65]
[61, 100, 60, 80, 66]
[61, 100, 60, 80, 67]
[61, 100, 60, 80, 68]
[61, 100, 60, 80, 69]
[61, 100, 60, 80, 70]
[61, 100, 60, 80, 71]
[61, 100, 60, 80, 72]
[61, 100, 60, 80, 73]
[61, 100, 60, 80, 74]
[61, 100, 60, 80, 75]
[61, 100, 60, 80, 76]
[61, 100, 60, 80, 77]
[61, 100, 60, 80, 78]
[61, 100, 60, 80, 79]
[61, 100, 60, 80, 80]
[61, 100, 60, 80, 81]
[61, 100, 60, 80, 82]
[61, 100, 60, 80, 83]
[61, 100, 60, 80, 84]
[61, 100, 60, 80, 85]
[61, 100, 60, 80, 86]
[61, 100, 60, 80, 87]
[61, 100, 60, 80, 88]
[61, 100, 60, 80, 89]
[61, 100, 60, 80, 90]
[61, 100, 60, 80, 91]
[61, 100, 60, 80, 92]
[61, 100, 60, 80, 93]
[61, 100, 60, 80, 94]
[61, 100, 60, 80, 95]
[61, 100, 60, 80, 96]
[61, 100, 60, 80, 97]
[61, 100, 60, 80, 98]
[61, 100, 60, 80, 99]
[61, 100, 60, 80, 100]
[62, 100, 60, 80, 65]
[62, 100, 60, 80, 66]
[62, 100, 60, 80, 67]
[62, 100, 60, 80, 68]
[62, 100, 60, 80, 69]
[62, 100, 60, 80, 70]
[62, 100, 60, 80, 71]
[62, 100, 60, 80, 72]
[62, 100, 60, 80, 73]
[62, 100, 60, 80, 74]
[62, 100, 60, 80, 75]
[62, 100, 60, 80, 76]
[62, 100, 60, 80, 77]
[62, 100, 60, 80, 78]
[62, 100, 60, 80, 79]
[62, 100, 60, 80, 80]
[62, 100, 60, 80, 81]
[62, 100, 60, 80, 82]
[62, 100, 60, 80, 83]
[62, 100, 60, 80, 84]
[62, 100, 60, 80, 85]
[62, 100, 60, 80, 86]
[62, 100, 60, 80, 87]
[62, 100, 60, 80, 88]
[62, 100, 60, 80, 89]
[62, 100, 60, 80, 90]
[62, 100, 60, 80, 91]
[62, 100, 60, 80, 92]
[62, 100, 60, 80, 93]
[62, 100, 60, 80, 94]
[62, 100, 60, 80, 95]
[62, 100, 60, 80, 96]
[62, 100, 60, 80, 97]
[62, 100, 60, 80, 98]
[62, 100, 60, 80, 99]
[62, 100, 60, 80, 100]
[63, 100, 60, 80, 65]
[63, 100, 60, 80, 66]
[63, 100, 60, 80, 67]
[63, 100, 60, 80, 68]
[63, 100, 60, 80, 69]
[63, 100, 60, 80, 70]
[63, 100, 60, 80, 71]
[63, 100, 60, 80, 72]
[63, 100, 60, 80, 73]
[63, 100, 60, 80, 74]
[63, 100, 60, 80, 75]
[63, 100, 60, 80, 76]
[63, 100, 60, 80, 77]
[63, 100, 60, 80, 78]
[63, 100, 60, 80, 79]
[63, 100, 60, 80, 80]
[63, 100, 60, 80, 81]
[63, 100, 60, 80, 82]
[63, 100, 60, 80, 83]
[63, 100, 60, 80, 84]
[63, 100, 60, 80, 85]
[63, 100, 60, 80, 86]
[63, 100, 60, 80, 87]
[63, 100, 60, 80, 88]
[63, 100, 60, 80, 89]
[63, 100, 60, 80, 90]
[63, 100, 60, 80, 91]
[63, 100, 60, 80, 92]
[63, 100, 60, 80, 93]
[63, 100, 60, 80, 94]
[63, 100, 60, 80, 95]
[63, 100, 60, 80, 96]
[63, 100, 60, 80, 97]
[63, 100, 60, 80, 98]
[63, 100, 60, 80, 99]
[63, 100, 60, 80, 100]
[64, 100, 60, 80, 65]
[64, 100, 60, 80, 66]
[64, 100, 60, 80, 67]
[64, 100, 60, 80, 68]
[64, 100, 60, 80, 69]
[64, 100, 60, 80, 70]
[64, 100, 60, 80, 71]
[64, 100, 60, 80, 72]
[64, 100, 60, 80, 73]
[64, 100, 60, 80, 74]
[64, 100, 60, 80, 75]
[64, 100, 60, 80, 76]
[64, 100, 60, 80, 77]
[64, 100, 60, 80, 78]
[64, 100, 60, 80, 79]
[64, 100, 60, 80, 80]
[64, 100, 60, 80, 81]
[64, 100, 60, 80, 82]
[64, 100, 60, 80, 83]
[64, 100, 60, 80, 84]
[64, 100, 60, 80, 85]
[64, 100, 60, 80, 86]
[64, 100, 60, 80, 87]
[64, 100, 60, 80, 88]
[64, 100, 60, 80, 89]
[64, 100, 60, 80, 90]
[64, 100, 60, 80, 91]
[64, 100, 60, 80, 92]
[64, 100, 60, 80, 93]
[64, 100, 60, 80, 94]
[64, 100, 60, 80, 95]
[64, 100, 60, 80, 96]
[64, 100, 60, 80, 97]
[64, 100, 60, 80, 98]
[64, 100, 60, 80, 99]
[64, 100, 60, 80, 100]
[65, 100, 60, 80, 65]
[65, 100, 60, 80, 66]
[65, 100, 60, 80, 67]
[65, 100, 60, 80, 68]
[65, 100, 60, 80, 69]
[65, 100, 60, 80, 70]
[65, 100, 60, 80, 71]
[65, 100, 60, 80, 72]
[65, 100, 60, 80, 73]
[65, 100, 60, 80, 74]
[65, 100, 60, 80, 75]
[65, 100, 60, 80, 76]
[65, 100, 60, 80, 77]
[65, 100, 60, 80, 78]
[65, 100, 60, 80, 79]
[65, 100, 60, 80, 80]
[65, 100, 60, 80, 81]
[65, 100, 60, 80, 82]
[65, 100, 60, 80, 83]
[65, 100, 60, 80, 84]
[65, 100, 60, 80, 85]
[65, 100, 60, 80, 86]
[65, 100, 60, 80, 87]
[65, 100, 60, 80, 88]
[65, 100, 60, 80, 89]
[65, 100, 60, 80, 90]
[65, 100, 60, 80, 91]
[65, 100, 60, 80, 92]
[65, 100, 60, 80, 93]
[65, 100, 60, 80, 94]
[65, 100, 60, 80, 95]
[65, 100, 60, 80, 96]
[65, 100, 60, 80, 97]
[65, 100, 60, 80, 98]
[65, 100, 60, 80, 99]
[65, 100, 60, 80, 100]
[66, 100, 60, 80, 65]
[66, 100, 60, 80, 66]
[66, 100, 60, 80, 67]
[66, 100, 60, 80, 68]
[66, 100, 60, 80, 69]
[66, 100, 60, 80, 70]
[66, 100, 60, 80, 71]
[66, 100, 60, 80, 72]
[66, 100, 60, 80, 73]
[66, 100, 60, 80, 74]
[66, 100, 60, 80, 75]
[66, 100, 60, 80, 76]
[66, 100, 60, 80, 77]
[66, 100, 60, 80, 78]
[66, 100, 60, 80, 79]
[66, 100, 60, 80, 80]
[66, 100, 60, 80, 81]
[66, 100, 60, 80, 82]
[66, 100, 60, 80, 83]
[66, 100, 60, 80, 84]
[66, 100, 60, 80, 85]
[66, 100, 60, 80, 86]
[66, 100, 60, 80, 87]
[66, 100, 60, 80, 88]
[66, 100, 60, 80, 89]
[66, 100, 60, 80, 90]
[66, 100, 60, 80, 91]
[66, 100, 60, 80, 92]
[66, 100, 60, 80, 93]
[66, 100, 60, 80, 94]
[66, 100, 60, 80, 95]
[66, 100, 60, 80, 96]
[66, 100, 60, 80, 97]
[66, 100, 60, 80, 98]
[66, 100, 60, 80, 99]
[66, 100, 60, 80, 100]
[67, 100, 60, 80, 65]
[67, 100, 60, 80, 66]
[67, 100, 60, 80, 67]
[67, 100, 60, 80, 68]
[67, 100, 60, 80, 69]
[67, 100, 60, 80, 70]
[67, 100, 60, 80, 71]
[67, 100, 60, 80, 72]
[67, 100, 60, 80, 73]
[67, 100, 60, 80, 74]
[67, 100, 60, 80, 75]
[67, 100, 60, 80, 76]
[67, 100, 60, 80, 77]
[67, 100, 60, 80, 78]
[67, 100, 60, 80, 79]
[67, 100, 60, 80, 80]
[67, 100, 60, 80, 81]
[67, 100, 60, 80, 82]
[67, 100, 60, 80, 83]
[67, 100, 60, 80, 84]
[67, 100, 60, 80, 85]
[67, 100, 60, 80, 86]
[67, 100, 60, 80, 87]
[67, 100, 60, 80, 88]
[67, 100, 60, 80, 89]
[67, 100, 60, 80, 90]
[67, 100, 60, 80, 91]
[67, 100, 60, 80, 92]
[67, 100, 60, 80, 93]
[67, 100, 60, 80, 94]
[67, 100, 60, 80, 95]
[67, 100, 60, 80, 96]
[67, 100, 60, 80, 97]
[67, 100, 60, 80, 98]
[67, 100, 60, 80, 99]
[67, 100, 60, 80, 100]
[68, 100, 60, 80, 65]
[68, 100, 60, 80, 66]
[68, 100, 60, 80, 67]
[68, 100, 60, 80, 68]
[68, 100, 60, 80, 69]
[68, 100, 60, 80, 70]
[68, 100, 60, 80, 71]
[68, 100, 60, 80, 72]
[68, 100, 60, 80, 73]
[68, 100, 60, 80, 74]
[68, 100, 60, 80, 75]
[68, 100, 60, 80, 76]
[68, 100, 60, 80, 77]
[68, 100, 60, 80, 78]
[68, 100, 60, 80, 79]
[68, 100, 60, 80, 80]
[68, 100, 60, 80, 81]
[68, 100, 60, 80, 82]
[68, 100, 60, 80, 83]
[68, 100, 60, 80, 84]
[68, 100, 60, 80, 85]
[68, 100, 60, 80, 86]
[68, 100, 60, 80, 87]
[68, 100, 60, 80, 88]
[68, 100, 60, 80, 89]
[68, 100, 60, 80, 90]
[68, 100, 60, 80, 91]
[68, 100, 60, 80, 92]
[68, 100, 60, 80, 93]
[68, 100, 60, 80, 94]
[68, 100, 60, 80, 95]
[68, 100, 60, 80, 96]
[68, 100, 60, 80, 97]
[68, 100, 60, 80, 98]
[68, 100, 60, 80, 99]
[68, 100, 60, 80, 100]
[69, 100, 60, 80, 65]
[69, 100, 60, 80, 66]
[69, 100, 60, 80, 67]
[69, 100, 60, 80, 68]
[69, 100, 60, 80, 69]
[69, 100, 60, 80, 70]
[69, 100, 60, 80, 71]
[69, 100, 60, 80, 72]
[69, 100, 60, 80, 73]
[69, 100, 60, 80, 74]
[69, 100, 60, 80, 75]
[69, 100, 60, 80, 76]
[69, 100, 60, 80, 77]
[69, 100, 60, 80, 78]
[69, 100, 60, 80, 79]
[69, 100, 60, 80, 80]
[69, 100, 60, 80, 81]
[69, 100, 60, 80, 82]
[69, 100, 60, 80, 83]
[69, 100, 60, 80, 84]
[69, 100, 60, 80, 85]
[69, 100, 60, 80, 86]
[69, 100, 60, 80, 87]
[69, 100, 60, 80, 88]
[69, 100, 60, 80, 89]
[69, 100, 60, 80, 90]
[69, 100, 60, 80, 91]
[69, 100, 60, 80, 92]
[69, 100, 60, 80, 93]
[69, 100, 60, 80, 94]
[69, 100, 60, 80, 95]
[69, 100, 60, 80, 96]
[69, 100, 60, 80, 97]
[69, 100, 60, 80, 98]
[69, 100, 60, 80, 99]
[69, 100, 60, 80, 100]
[70, 100, 60, 80, 65]
[70, 100, 60, 80, 66]
[70, 100, 60, 80, 67]
[70, 100, 60, 80, 68]
[70, 100, 60, 80, 69]
[70, 100, 60, 80, 70]
[70, 100, 60, 80, 71]
[70, 100, 60, 80, 72]
[70, 100, 60, 80, 73]
[70, 100, 60, 80, 74]
[70, 100, 60, 80, 75]
[70, 100, 60, 80, 76]
[70, 100, 60, 80, 77]
[70, 100, 60, 80, 78]
[70, 100, 60, 80, 79]
[70, 100, 60, 80, 80]
[70, 100, 60, 80, 81]
[70, 100, 60, 80, 82]
[70, 100, 60, 80, 83]
[70, 100, 60, 80, 84]
[70, 100, 60, 80, 85]
[70, 100, 60, 80, 86]
[70, 100, 60, 80, 87]
[70, 100, 60, 80, 88]
[70, 100, 60, 80, 89]
[70, 100, 60, 80, 90]
[70, 100, 60, 80, 91]
[70, 100, 60, 80, 92]
[70, 100, 60, 80, 93]
[70, 100, 60, 80, 94]
[70, 100, 60, 80, 95]
[70, 100, 60, 80, 96]
[70, 100, 60, 80, 97]
[70, 100, 60, 80, 98]
[70, 100, 60, 80, 99]
[70, 100, 60, 80, 100]
