[25, 15, 84, 86, 30]
[11, 12, 81, 88, 31]
[14, 85, 75, 16, 32]
[76, 11, 78, 29, 33]
[85, 23, 76, 23, 34]
[90, 20, 25, 85, 35]
[15, 81, 87, 13, 36]
[73, 18, 18, 71, 37]
[79, 27, 79, 12, 38]
[15, 75, 90, 17, 39]
[10, 75, 85, 26, 40]
[16, 73, 27, 81, 41]
[72, 23, 28, 86, 42]
[22, 71, 24, 80, 43]
[76, 14, 86, 23, 44]
[76, 14, 72, 18, 45]
[71, 86, 20, 11, 46]
[73, 74, 21, 29, 47]
[75, 20, 26, 89, 48]
[13, 15, 86, 72, 49]
[15, 80, 11, 85, 50]
[77, 18, 16, 80, 51]
[26, 12, 82, 75, 52]
[15, 27, 72, 81, 53]
[74, 78, 10, 25, 54]
[90, 13, 27, 89, 55]
[87, 16, 20, 74, 56]
[18, 12, 82, 78, 57]
[22, 89, 89, 26, 58]
[21, 27, 80, 76, 59]
[14, 82, 77, 23, 60]
[28, 81, 75, 16, 61]
[27, 79, 77, 16, 62]
[22, 82, 12, 88, 63]
[87, 79, 12, 25, 64]
[84, 88, 25, 29, 65]
[90, 16, 85, 17, 66]
[89, 10, 27, 85, 67]
[24, 83, 73, 28, 68]
[23, 28, 74, 83, 69]
[88, 72, 25, 25, 70]
[89, 14, 29, 79, 30]
[84, 74, 22, 21, 31]
[19, 74, 82, 21, 32]
[83, 83, 13, 22, 33]
[20, 84, 12, 80, 34]
[27, 73, 88, 27, 35]
[86, 22, 87, 17, 36]
[18, 10, 75, 76, 37]
[10, 89, 22, 72, 38]
[77, 25, 24, 84, 39]
[77, 71, 23, 24, 40]
[23, 85, 14, 82, 41]
[73, 78, 17, 22, 42]
[86, 26, 87, 19, 43]
[24, 76, 23, 82, 44]
[89, 18, 81, 28, 45]
[72, 18, 87, 20, 46]
[82, 16, 20, 78, 47]
[13, 82, 88, 15, 48]
[13, 88, 25, 73, 49]
[77, 10, 85, 29, 50]
[14, 79, 80, 10, 51]
[90, 19, 29, 72, 52]
[83, 26, 22, 76, 53]
[73, 28, 28, 89, 54]
[73, 28, 14, 81, 55]
[85, 22, 90, 14, 56]
[78, 18, 26, 74, 57]
[85, 26, 84, 29, 58]
[15, 79, 77, 11, 59]
[10, 89, 15, 87, 60]
[80, 90, 26, 29, 61]
[77, 22, 18, 71, 62]
[85, 12, 28, 80, 63]
[80, 14, 82, 20, 64]
[87, 84, 15, 15, 65]
[87, 16, 86, 17, 66]
[19, 85, 82, 23, 67]
[28, 87, 81, 26, 68]
[89, 75, 16, 14, 69]
[71, 10, 23, 77, 70]
[89, 17, 19, 71, 30]
[16, 90, 25, 86, 31]
[73, 27, 83, 15, 32]
[27, 76, 16, 81, 33]
[76, 14, 18, 76, 34]
[74, 82, 11, 11, 35]
[89, 22, 81, 21, 36]
[90, 85, 12, 24, 37]
[88, 27, 81, 20, 38]
[12, 82, 28, 79, 39]
[87, 71, 12, 18, 40]
[26, 26, 77, 81, 41]
[88, 26, 84, 21, 42]
[72, 78, 26, 19, 43]
[21, 71, 77, 26, 44]
[25, 89, 28, 78, 45]
[88, 18, 20, 82, 46]
[86, 90, 17, 13, 47]
[87, 73, 21, 17, 48]
[82, 85, 13, 21, 49]
[75, 23, 85, 18, 50]
[90, 26, 14, 89, 51]
[75, 14, 11, 83, 52]
[87, 27, 73, 11, 53]
[83, 12, 78, 24, 54]
[76, 11, 19, 85, 55]
[12, 26, 83, 82, 56]
[22, 87, 19, 76, 57]
[21, 87, 26, 75, 58]
[24, 80, 19, 86, 59]
[81, 19, 80, 15, 60]
[25, 80, 72, 25, 61]
[10, 28, 88, 78, 62]
[85, 13, 85, 14, 63]
[89, 90, 17, 14, 64]
[24, 81, 28, 81, 65]
[82, 80, 21, 13, 66]
[21, 17, 75, 79, 67]
[87, 82, 14, 27, 68]
[25, 87, 14, 78, 69]
[13, 71, 26, 72, 70]
[75, 73, 27, 13, 30]
[21, 28, 79, 85, 31]
[24, 86, 13, 82, 32]
[11, 82, 17, 72, 33]
[18, 88, 83, 18, 34]
[85, 25, 75, 13, 35]
[28, 90, 25, 89, 36]
[18, 90, 28, 83, 37]
[10, 90, 80, 14, 38]
[28, 85, 87, 11, 39]
[78, 82, 18, 21, 40]
[24, 88, 17, 79, 41]
[26, 74, 12, 76, 42]
[24, 87, 76, 14, 43]
[26, 71, 72, 21, 44]
[12, 15, 84, 77, 45]
[82, 10, 88, 28, 46]
[83, 71, 28, 23, 47]
[74, 21, 76, 25, 48]
[90, 26, 14, 90, 49]
[11, 16, 73, 82, 50]
[28, 18, 74, 75, 51]
[87, 78, 17, 18, 52]
[22, 76, 73, 19, 53]
[75, 27, 20, 85, 54]
[74, 76, 13, 29, 55]
[11, 79, 75, 25, 56]
[81, 18, 16, 88, 57]
[23, 76, 23, 73, 58]
[21, 75, 79, 29, 59]
[73, 89, 24, 28, 60]
[18, 16, 83, 85, 61]
[15, 22, 77, 74, 62]
[89, 11, 12, 71, 63]
[88, 77, 21, 26, 64]
[17, 11, 73, 84, 65]
[10, 71, 12, 88, 66]
[27, 72, 77, 15, 67]
[79, 14, 83, 11, 68]
[71, 28, 88, 10, 69]
[83, 10, 82, 20, 70]
[75, 81, 13, 28, 30]
[71, 14, 18, 75, 31]
[74, 20, 87, 25, 32]
[71, 27, 19, 76, 33]
[13, 87, 79, 27, 34]
[71, 12, 74, 24, 35]
[71, 20, 22, 75, 36]
[10, 79, 21, 71, 37]
[25, 84, 74, 23, 38]
[16, 78, 78, 17, 39]
[10, 78, 18, 72, 40]
[17, 20, 78, 77, 41]
[10, 75, 87, 19, 42]
[25, 19, 88, 79, 43]
[24, 18, 82, 85, 44]
[87, 10, 24, 77, 45]
[76, 28, 83, 17, 46]
[24, 71, 27, 87, 47]
[16, 88, 25, 84, 48]
[84, 24, 25, 85, 49]
[24, 14, 87, 85, 50]
[75, 13, 28, 74, 51]
[87, 28, 21, 72, 52]
[21, 23, 80, 77, 53]
[88, 29, 85, 16, 54]
[18, 80, 85, 20, 55]
[23, 86, 76, 28, 56]
[21, 75, 72, 12, 57]
[79, 14, 11, 90, 58]
[25, 17, 73, 72, 59]
[73, 82, 19, 14, 60]
[72, 71, 13, 20, 61]
[90, 84, 11, 18, 62]
[15, 84, 84, 11, 63]
[13, 23, 90, 79, 64]
[89, 75, 24, 26, 65]
[18, 79, 89, 22, 66]
[27, 16, 77, 90, 67]
[88, 18, 20, 71, 68]
[12, 26, 89, 83, 69]
[10, 20, 75, 90, 70]
[76, 17, 79, 16, 30]
[29, 87, 78, 22, 31]
[88, 86, 22, 24, 32]
[73, 25, 83, 26, 33]
[16, 88, 11, 78, 34]
[80, 25, 88, 13, 35]
[21, 75, 15, 80, 36]
[81, 10, 24, 78, 37]
[25, 81, 11, 88, 38]
[89, 14, 73, 14, 39]
[13, 13, 83, 86, 40]
[74, 86, 26, 18, 41]
[86, 88, 13, 23, 42]
[86, 90, 13, 17, 43]
[27, 26, 74, 75, 44]
[86, 81, 18, 28, 45]
[27, 10, 76, 85, 46]
[14, 82, 23, 83, 47]
[72, 14, 26, 84, 48]
[24, 87, 13, 87, 49]
[23, 85, 72, 13, 50]
[16, 27, 85, 75, 51]
[20, 11, 80, 71, 52]
[14, 85, 24, 85, 53]
[86, 20, 77, 11, 54]
[86, 27, 79, 27, 55]
[10, 76, 28, 73, 56]
[28, 85, 76, 21, 57]
[85, 17, 10, 79, 58]
[88, 27, 76, 24, 59]
[20, 17, 89, 78, 60]
[29, 80, 77, 12, 61]
[85, 24, 72, 19, 62]
[89, 80, 27, 16, 63]
[14, 71, 73, 12, 64]
[26, 87, 24, 82, 65]
[87, 74, 14, 15, 66]
[11, 11, 78, 90, 67]
[23, 74, 17, 79, 68]
[21, 89, 85, 11, 69]
[81, 16, 23, 76, 70]
[10, 79, 13, 73, 30]
[75, 13, 82, 12, 31]
[81, 11, 81, 23, 32]
[12, 90, 86, 17, 33]
[89, 89, 10, 14, 34]
[87, 20, 72, 27, 35]
[78, 71, 12, 28, 36]
[12, 71, 83, 27, 37]
[88, 27, 80, 25, 38]
[85, 19, 27, 87, 39]
[72, 20, 81, 18, 40]
[83, 10, 73, 18, 41]
[25, 81, 15, 90, 42]
[86, 14, 25, 80, 43]
[29, 25, 84, 74, 44]
[80, 25, 82, 10, 45]
[22, 75, 71, 19, 46]
[87, 26, 27, 83, 47]
[22, 85, 74, 23, 48]
[24, 72, 19, 89, 49]
[83, 21, 79, 16, 50]
[17, 78, 26, 81, 51]
[28, 71, 83, 10, 52]
[27, 85, 75, 26, 53]
[84, 77, 13, 10, 54]
[26, 26, 73, 76, 55]
[22, 82, 87, 28, 56]
[14, 80, 18, 74, 57]
[77, 27, 77, 12, 58]
[23, 16, 86, 87, 59]
[18, 78, 14, 77, 60]
[13, 89, 21, 88, 61]
[13, 86, 15, 73, 62]
[23, 88, 89, 16, 63]
[12, 11, 89, 75, 64]
[74, 13, 10, 79, 65]
[24, 11, 74, 72, 66]
[72, 86, 18, 12, 67]
[79, 25, 28, 79, 68]
[22, 14, 82, 71, 69]
[85, 25, 88, 17, 70]
[87, 76, 17, 11, 30]
[26, 71, 13, 78, 31]
[29, 89, 90, 22, 32]
[71, 89, 25, 18, 33]
[88, 89, 17, 26, 34]
[21, 72, 24, 73, 35]
[81, 27, 76, 12, 36]
[85, 85, 13, 21, 37]
[16, 78, 75, 24, 38]
[29, 90, 74, 21, 39]
[21, 75, 80, 27, 40]
[22, 86, 84, 27, 41]
[19, 14, 80, 71, 42]
[81, 26, 26, 83, 43]
[90, 14, 16, 80, 44]
[22, 24, 81, 85, 45]
[16, 76, 87, 21, 46]
[72, 84, 29, 22, 47]
[17, 73, 24, 85, 48]
[80, 17, 11, 84, 49]
[90, 21, 87, 16, 50]
[18, 15, 84, 87, 51]
[16, 74, 89, 28, 52]
[85, 14, 78, 10, 53]
[18, 20, 82, 88, 54]
[88, 23, 28, 83, 55]
[13, 88, 78, 10, 56]
[85, 19, 23, 73, 57]
[25, 11, 79, 82, 58]
[22, 81, 24, 74, 59]
[21, 81, 20, 74, 60]
[22, 84, 81, 16, 61]
[13, 76, 11, 74, 62]
[17, 72, 12, 73, 63]
[77, 81, 27, 21, 64]
[15, 76, 79, 11, 65]
[78, 90, 18, 27, 66]
[88, 86, 23, 13, 67]
[24, 83, 76, 13, 68]
[81, 28, 82, 27, 69]
[29, 27, 90, 72, 70]
[89, 25, 25, 89, 30]
[12, 86, 29, 79, 31]
[87, 75, 26, 22, 32]
[20, 74, 82, 23, 33]
[90, 10, 78, 25, 34]
[71, 10, 71, 25, 35]
[21, 73, 73, 18, 36]
[89, 26, 77, 23, 37]
[72, 29, 24, 76, 38]
[74, 10, 18, 72, 39]
[87, 86, 17, 27, 40]
[15, 83, 28, 72, 41]
[18, 26, 76, 76, 42]
[77, 21, 86, 29, 43]
[77, 10, 13, 81, 44]
[74, 82, 29, 27, 45]
[12, 13, 77, 84, 46]
[79, 16, 13, 76, 47]
[21, 18, 81, 77, 48]
[11, 71, 90, 16, 49]
[89, 25, 15, 90, 50]
[86, 14, 14, 80, 51]
[16, 78, 23, 80, 52]
[83, 28, 87, 11, 53]
[72, 12, 85, 29, 54]
[76, 90, 21, 15, 55]
[21, 80, 15, 78, 56]
[15, 71, 18, 73, 57]
[90, 22, 18, 83, 58]
[84, 19, 87, 19, 59]
[79, 83, 15, 22, 60]
[90, 14, 81, 13, 61]
[21, 90, 23, 71, 62]
[73, 78, 24, 15, 63]
[19, 24, 76, 87, 64]
[79, 10, 27, 87, 65]
[25, 75, 20, 71, 66]
[72, 85, 11, 18, 67]
[28, 80, 75, 10, 68]
[15, 71, 74, 17, 69]
[89, 10, 15, 87, 70]
[78, 10, 86, 25, 30]
[14, 80, 71, 29, 31]
[85, 10, 13, 76, 32]
[26, 88, 17, 83, 33]
[88, 25, 85, 15, 34]
[27, 87, 20, 77, 35]
[14, 72, 13, 72, 36]
[19, 13, 90, 74, 37]
[19, 17, 74, 72, 38]
[81, 26, 80, 22, 39]
[82, 77, 12, 17, 40]
[12, 17, 74, 85, 41]
[15, 17, 89, 78, 42]
[83, 12, 83, 11, 43]
[14, 17, 90, 76, 44]
[21, 87, 25, 84, 45]
[12, 11, 74, 90, 46]
[17, 20, 78, 72, 47]
[26, 72, 29, 79, 48]
[78, 12, 87, 25, 49]
[27, 75, 29, 75, 50]
[15, 21, 87, 82, 51]
[88, 25, 22, 75, 52]
[86, 13, 79, 22, 53]
[15, 89, 76, 12, 54]
[84, 27, 83, 28, 55]
[26, 15, 80, 79, 56]
[81, 22, 83, 18, 57]
[10, 86, 82, 15, 58]
[84, 12, 84, 26, 59]
[24, 20, 81, 84, 60]
[89, 20, 18, 90, 61]
[78, 78, 27, 21, 62]
[78, 17, 84, 23, 63]
[71, 17, 20, 74, 64]
[22, 71, 23, 77, 65]
[80, 16, 25, 77, 66]
[73, 72, 16, 17, 67]
[88, 83, 18, 27, 68]
[10, 77, 20, 75, 69]
[74, 79, 11, 23, 70]
